9498|439|9|2|0|0|1.08|3724.0091896741205
8923|447|40|2|0|1|0.4694|2429.39763381478
8602|523|32|2|0|1|0.6478|1888.1907814278916
9242|702|59|2|0|1|1.1331|7850.7650912355
8750|797|59|1|0|1|7.5143|11609.382803652037
8751|797|68|1|0|0|2.3854|8736.288135444573
9314|812|68|1|0|0|0.5741|3597.484879295148
8827|917|59|1|0|1|1.2795|3083.8743967541914
8553|966|32|2|0|1|0.6647|1591.805875494125
9465|1022|17|2|0|1|0.4694|3123.9110846360795
9430|1133|17|2|0|1|0.0969|3612.6874073969957
8735|1142|59|1|0|1|0.85|1297.2365259164658
9195|1190|59|2|0|1|2.4615|11122.9897801999
9471|1270|9|2|0|0|2.48|8805.27431927748
9472|1270|94|2|0|0|0.37|1894.7156142671242
8548|1554|32|2|0|1|0.0646|3966.8587479582725
8547|1592|32|2|0|1|3.6637|6433.688454842532
8811|1777|59|1|0|1|0.2944|364.4356906724539
8785|2083|15|2|0|1|2.7954|9481.231045338573
8787|2083|26|2|0|1|8.089|15061.830784683121
8786|2083|52|2|0|1|3.3068|9364.64253419972
8784|2083|59|1|0|1|7.944|8327.344705692798
9178|2360|59|2|0|1|6.2374|25584.444271310924
9290|2486|68|1|0|0|1.3553|9086.618480463518
9508|2584|52|1|0|1|0.9767|3792.0430577661127
9569|2716|26|2|0|1|3.757|18891.002305767408
9160|2821|59|2|0|1|3.1242|16805.134177974815
9536|2874|87|1|0|0|0.12|839.3251316752052
8745|2891|59|1|0|1|0.4741|4279.25771565877
9110|2913|52|2|0|1|1.331|9117.987293223512
8618|2916|17|1|0|1|3.728|4177.296814143231
8616|2916|32|2|0|1|2.26|9418.775047320301
8617|2916|59|2|0|1|1.26|5996.187867689707
9390|3014|17|1|0|1|0.4181|761.9691476629648
8800|3032|59|1|0|1|0.2199|384.48169876520467
9321|3091|81|1|0|1|3.91|16990.46173817433
9304|3316|68|1|0|0|0.6748|1238.4247942534175
8832|3494|59|1|0|1|0.2232|776.7070469380807
8746|3555|59|1|0|1|2.45|12905.826486976473
8951|3643|40|2|0|1|1.2752|9843.950593462887
8844|3710|59|1|0|1|0.5372|1462.1004076614804
9382|3931|17|1|0|1|1.2231|2801.1934147815928
8532|4024|15|2|0|1|0.6622|4975.688671164353
8530|4024|32|2|0|1|21.11|55404.073221507795
8531|4024|40|2|0|1|18.1746|21775.075607557697
8534|4024|52|2|0|1|8.0726|27171.48855186252
8535|4024|59|2|0|1|1.122|7250.132831439786
8536|4024|81|2|0|1|13.86|28711.780032540926
8533|4024|87|2|0|0|11.9238|48102.41627316863
9448|4052|17|2|0|1|4.68|14745.388760162099
9475|4377|9|2|0|0|1.781|5403.795111248964
8666|4926|32|2|0|1|1.18|5958.204661289049
8991|4990|15|2|0|1|1.5077|11345.952149617477
9180|5062|9|2|0|0|0.0267|1673.509064625452
9179|5062|59|2|0|1|0.0531|1840.4231056212707
9103|5142|17|2|0|1|0.3247|1727.5806684795305
9101|5142|52|2|0|1|0.7263|3117.956265012879
9102|5142|59|2|0|1|0.5946|1969.9346073204374
8912|5377|40|2|0|1|1.6499|3994.176152325616
8921|5380|40|2|0|1|1.28|6292.144765821452
9333|5462|81|1|0|1|0.4257|1588.4928914151133
8987|5498|15|2|0|1|1.1028|7325.265616149593
8988|5498|23|2|0|1|0.91|4650.6576230724695
9222|5548|59|2|0|1|0.2809|1816.7018290810333
8810|5638|59|1|0|1|0.49|680.970948095847
8718|5696|59|1|0|1|7.62|8081.292041493745
8911|5760|40|2|0|1|1.1759|9197.863531636192
9574|5844|26|2|0|1|1.81|11318.459958070995
8996|5897|15|2|0|1|2.1251|14101.091201675395
9138|6132|52|2|0|1|0.11|477.9248193633366
9403|6307|17|1|0|1|1.176|5042.444229087562
9518|6454|94|2|0|0|4.7932|24451.60318431394
8836|6732|59|1|0|1|0.1649|455.47930799094985
9177|6950|59|2|0|1|0.0304|1241.813610010632
9504|7104|9|2|0|0|0.5047|3285.0324368566507
8577|8269|32|2|0|1|1.54|14878.74351890638
9566|8623|26|2|0|1|0.57|4015.153316423105
9558|8690|43|2|0|0|0.5042|3448.3696098444043
8651|8954|32|2|0|1|0.76|4013.164099433302
9459|8982|17|2|0|1|0.6629|3387.8359693273915
9214|8986|59|2|0|1|0.3962|1904.508546632746
9200|9006|59|2|0|1|1.43|4537.224895690356
9112|9086|26|2|0|1|0.78|7959.0365822977865
9111|9086|52|2|0|1|0.78|5165.296596774255
9482|9158|9|2|0|0|2.06|8295.87157159259
9212|9209|59|2|0|1|0.6762|2951.290327536237
8998|9270|15|2|0|1|3.3018|19085.78924233074
8999|9270|94|2|0|0|1.1171|7688.142224515306
9287|9474|68|1|0|0|0.146|729.0707628112048
8815|9594|59|1|0|1|0.1325|722.0139606265336
9341|9609|17|1|0|1|0.8|2674.140306661545
9586|9613|55|2|0|1|2.36|13195.677110138398
9578|9925|26|2|0|1|4.8852|22851.752944830216
8710|9944|17|2|0|1|1.911|9011.04905430224
8709|9944|32|2|0|1|0.9|4521.582572929756
9533|10091|87|1|0|0|0.5145|3866.0333695141103
9228|10117|59|2|0|1|0.406|2984.116240067817
9435|10133|17|2|0|1|0.9137|3916.0062747796183
9183|10376|9|2|0|0|9.8|26540.835843081855
9182|10376|59|2|0|1|10.31|34071.584818119045
9018|10547|15|2|0|1|1.4118|5583.908206204697
8550|10999|32|2|0|1|0.73|1589.888021099056
8936|11208|40|2|0|1|3.46|24912.994324451956
9003|11220|15|2|0|1|1.81|13328.728102382025
9004|11220|87|2|0|0|2.02|15590.577340571868
8771|11395|17|1|0|1|5.2841|16687.760265167584
8769|11395|59|1|0|1|4.567|9825.954714591171
8770|11395|59|2|0|1|4.567|27904.53264299886
8640|11536|32|2|0|1|1.26|7713.178497052126
9402|11559|17|1|0|1|0.43|2404.9628176026577
9173|11587|9|2|0|0|7.9236|12803.362915767679
9172|11587|59|2|0|1|3.0067|6872.663011668437
9546|12086|87|1|0|0|3.1242|15808.329306424954
9184|12136|59|2|0|1|0.0238|4919.45181291926
8661|12574|32|2|0|1|1.6552|10415.069616635936
8837|12592|59|1|0|1|0.0833|378.16662576135917
9434|12622|17|2|0|1|1.31|4570.769170046135
9043|12869|87|2|0|0|3.9|19125.50702632503
9044|12869|94|2|0|0|3.0351|11085.633204212643
9589|12930|40|1|0|1|0.8749|3007.1934006983242
9389|12970|17|1|0|1|0.5989|3720.7166369732636
9506|13040|9|2|0|0|2.96|18435.81745832468
8967|13054|15|2|0|1|1.951|8623.399717525584
8968|13054|59|2|0|1|0.7555666666666667|4849.588762140849
8969|13054|81|2|0|1|1.3815|5481.486358220461
8993|13154|15|2|0|1|2.67|14562.265613602958
9303|13199|68|1|0|0|0.212|1818.9987526135887
8688|13303|32|2|0|1|0.8186|5659.527595269224
8622|13313|17|2|0|1|1.85|7551.731642846035
8621|13313|32|2|0|1|4.5686|17128.525929486346
9529|13333|94|2|0|0|1.4597|9200.042356584137
8564|13439|32|2|0|1|1.3984|3353.6218057669394
9345|13450|17|1|0|1|1.17|4185.610108994317
9599|13488|15|1|0|1|0.163|842.2043515066473
9424|13581|17|1|0|1|1.76|7316.406106383138
9120|13708|52|2|0|1|1.13|5886.773728033959
8849|13733|59|1|0|1|1.9584|3640.782332925668
9137|13751|52|2|0|1|4.83|27584.700656908048
9153|13822|59|2|0|1|0.42|2519.7100434379763
9543|13847|87|1|0|0|0.9759|3462.678331958633
8660|13871|17|1|0|1|1.4984|3848.945102151665
8657|13871|32|2|0|1|1.0534|8888.619813292567
8658|13871|59|1|0|1|1.41|3868.7640817822235
8659|13871|68|1|0|0|0.7219|9398.50997785895
9312|13981|68|1|0|0|4.51|13058.41465059085
8586|14470|17|2|0|1|2.7919|17084.334117703573
8584|14470|32|2|0|1|6.1315|59580.56838500682
8585|14470|59|2|0|1|0.7824|6369.03686847005
9429|14671|17|2|0|1|0.0342|3600.188021102383
9572|14735|26|2|0|1|1.3853|5359.752082184536
9050|14843|43|2|0|0|2.73|14707.438874897309
9051|14843|62|2|0|0|9.6708|45439.83742763566
9049|14843|87|2|0|0|10.7223|57881.008506409315
9267|15071|81|2|0|1|1.61|7735.92232002217
8697|15217|23|2|0|1|2.3316|9155.94191319744
8695|15217|32|2|0|1|2.13|8420.558753421474
8696|15217|87|2|0|0|3.4566|12338.898286792688
9252|15228|81|2|0|1|0.7268|4501.931857754385
9215|15328|59|2|0|1|0.3999|1881.4503135365612
9537|15443|87|1|0|0|0.37|1976.7895878882441
8694|15770|32|2|0|1|0.3742|2264.23832972767
9206|16282|59|2|0|1|0.7494|3050.0364762795043
9433|16355|17|2|0|1|0.03|3600.231520316669
8610|16488|32|2|0|1|2.7417|18306.54525903
9514|16613|94|2|0|0|2.71|11478.264476494203
8560|16692|15|2|0|1|0.7038|4641.371219695832
8559|16692|32|2|0|1|3.7134|11984.233364008598
8561|16692|59|2|0|1|0.7555666666666667|3361.423553666009
8667|16864|32|2|0|1|13.5944|71698.06847726041
8902|16921|40|2|0|1|3.126|18914.333418863713
9552|16975|23|2|0|1|2.27|9855.508701739489
8816|17034|59|1|0|1|0.83|3608.0873585625145
9554|17043|23|2|0|1|2.709|10986.093129597268
9296|17068|68|1|0|0|0.3|2019.803026674841
9559|17183|43|2|0|0|0.6839|3078.3747272615356
9596|17321|9|1|0|0|0.6409|2834.8409812192463
9227|17343|59|2|0|1|0.1866|1672.9456039717795
9418|17378|17|1|0|1|0.15|460.9772042570238
8772|17407|59|1|0|1|1.8279|9269.946206540775
9335|17413|81|1|0|1|0.5671|2698.312222721376
9379|17434|17|1|0|1|0.2711|604.7769527071597
8871|17552|59|1|0|1|0.5619|2634.199974869368
8872|17552|68|1|0|0|0.7814|2639.7448217976134
9417|17818|17|1|0|1|0.2068|475.09129357004747
9594|17977|92|1|0|0|1.3546|15492.038394203399
8684|18082|32|2|0|1|2.6331|17225.106688411775
9204|18094|59|2|0|1|0.1364|768.5779210703915
9193|18103|59|2|0|1|2.2225|5160.212709891373
9093|18139|52|2|0|1|1.5088|7675.619835222575
9257|18158|81|1|0|1|1.85|6818.237577557161
9256|18158|81|2|0|1|1.85|8512.374684271263
9247|18318|81|2|0|1|0.8953|7298.416321236471
8671|18372|32|2|0|1|0.706|9195.635312669541
9216|18408|59|2|0|1|0.502|2294.210636051908
8596|18410|32|2|0|1|1.03|4000.7407599905755
9239|18438|59|2|0|1|4.3138|19087.781352595917
8699|18515|32|2|0|1|0.0799|872.0941848541154
9152|18581|59|2|0|1|0.2045|1461.7819253246093
9081|18632|52|1|0|1|8.0|4324.030728980213
9080|18632|52|2|0|1|8.0|32000.216881959233
8562|18976|32|2|0|1|2.08|15664.489785924108
8540|19067|32|2|0|1|0.19|3258.9942901306667
8541|19067|59|1|0|1|0.525|1698.122724844216
8542|19067|68|1|0|0|1.6312119999999999|7654.29747755794
9005|19179|15|2|0|1|1.956|16252.696189591228
9324|19272|81|1|1|1|1.88|3435.466756190748
8565|19515|32|2|0|1|5.0139|22841.71298095286
8607|19679|15|2|0|1|3.14|17586.268940064085
8606|19679|32|2|0|1|4.6865|31071.40407954579
8608|19679|52|2|0|1|2.6172|16809.026387209564
8609|19679|81|2|0|1|2.1638|16423.64580867781
8686|19740|17|2|0|1|1.32|5997.616366014881
8685|19740|32|2|0|1|0.39|2194.510381708579
8908|20041|40|2|0|1|2.919|26297.358336658508
8909|20041|59|2|0|1|9.8532|48337.34972514612
8910|20041|65|2|0|1|3.657|34982.33144131204
9015|20082|15|2|0|1|1.47|6425.395395539995
9201|20253|59|2|0|1|0.4484|2209.1208628691415
8986|20693|4|2|1|1|7.175|12006.375060377904
8983|20693|15|2|1|1|5.75|24191.937364632387
8985|20693|26|2|1|1|1.32|5782.30698261285
8984|20693|52|2|1|1|3.23|7285.350298037223
9340|20881|17|1|0|1|0.7|2735.237219093162
8757|20934|59|1|0|1|2.79|3402.2238368884623
8549|20943|32|2|0|1|1.41|2979.433243111223
8807|21119|17|1|0|1|0.259|523.1150170072083
8806|21119|59|1|0|1|0.2074|322.7308481270582
9386|21215|17|1|0|1|0.2345|1066.0107399768808
9121|21394|52|2|0|1|0.342|1964.7763478512104
9123|21481|52|2|0|1|0.2451|967.0545832463755
8831|21798|59|1|0|1|2.0239|5876.716200646131
8783|21807|59|1|0|1|1.0247|3609.3865378142355
8842|22092|59|1|0|1|1.2258|4701.469060545783
9377|22294|17|1|0|1|0.4757|2029.3787609115843
8887|22630|59|1|0|1|0.8301|5593.647163769111
8917|22639|40|2|0|1|0.2811|2104.2960540589183
8793|22768|59|1|0|1|0.8675|3112.829440247794
9349|22879|17|1|0|1|1.65|9839.439028015424
9350|22879|87|1|0|0|1.67|12089.978262648812
8677|22976|32|2|0|1|1.8964|11029.380033112913
8943|23093|40|2|0|1|2.8415|17683.317194753698
8945|23093|52|1|0|1|1.1341|2074.662287971077
8944|23093|52|2|0|1|1.1341|5250.694001938119
9351|23421|17|1|0|1|0.83|1215.7943439906423
8558|23530|32|2|0|1|0.0219|3966.5335081526255
9385|23630|17|1|0|1|1.5357|6323.021067209534
9157|23668|59|2|0|1|1.19|9143.415942045816
9208|23812|59|2|0|1|0.3129|2104.7578984064776
9154|23846|59|2|0|1|1.2593|7435.334690430949
9261|23942|81|2|0|1|0.5728|4372.289264392342
8798|23974|59|1|0|1|0.5851|2982.5476972545816
8552|23983|32|2|0|1|1.01|2125.1615187882003
9519|24065|94|2|0|0|2.08|11854.511812484818
9062|24195|87|1|0|0|0.675|3947.7668950758916
9061|24195|87|2|0|0|0.73|6233.508697308723
9168|24382|59|2|0|1|0.783|4200.153638726142
8916|24392|40|2|0|1|0.6393|4827.119729595033
8543|24404|32|2|0|1|9.3728|28197.517445991543
8544|24404|81|2|0|1|8.51|23272.311196471557
8691|24945|32|2|0|1|0.6863|4196.9959369735525
9380|24951|17|1|0|1|0.9481|2574.8024767139354
8678|25015|32|2|0|1|1.5964|12202.273177355026
9477|25026|9|2|0|0|2.409|7056.938179019523
9131|25104|23|2|0|1|2.2612|15220.327311302692
9129|25104|52|2|0|1|3.6197|23154.080734089897
9130|25104|59|2|0|1|3.4845|35100.037855095834
8760|25377|59|1|0|1|2.5375|4190.240312301612
8754|25422|59|1|0|1|1.8072|6953.924305914928
8755|25422|68|1|0|0|1.2775|4399.584885256866
9571|25627|26|2|0|1|0.6838|8382.916587078656
8995|25671|9|2|0|0|3.2396|7491.615216379534
8994|25671|15|2|0|1|2.8168|9569.650359494226
9334|25816|81|1|0|1|1.37|4892.5246324800955
9339|25825|17|1|0|1|0.89|4324.972035536347
9140|25885|52|2|0|1|0.06|532.2298066698293
9305|25887|68|1|0|0|1.39|2473.230225614617
9405|26094|17|1|0|1|0.28|2038.2220488185653
9381|26390|17|1|0|1|0.5|1230.306109104806
9024|26539|15|2|0|1|2.38|12622.681928131282
9288|26725|68|1|0|0|0.15|1240.103332568708
9289|26725|87|1|0|0|0.66|2089.043566415171
9394|26730|17|1|0|1|0.64|808.3847145961182
9464|26807|17|2|0|1|0.5169|2156.7279694375807
8922|26831|40|2|0|1|0.1712|1245.4759027697364
8829|26954|59|1|0|1|1.56|5575.563865222936
8881|26979|17|1|0|1|2.14|2259.1810812040376
8880|26979|59|1|0|1|0.1756|5934.756049989301
8886|27129|59|1|0|1|0.6496|4536.839946701375
8809|27166|59|1|0|1|0.0817|291.9121288977876
8927|27224|40|2|0|1|0.4102|4034.3482841199657
8555|27515|32|2|0|1|0.0143|3966.879410260608
8687|27546|32|2|0|1|0.6097|4861.562261335921
8570|27629|32|2|0|1|2.7648|16504.96407159322
8768|27761|59|1|0|1|0.975|5199.082508366516
9354|27819|17|1|0|1|9.4593|33628.257244746914
9329|27922|81|1|0|1|1.0517|3166.267472890669
8835|28134|59|1|0|1|1.8871|4044.2363691252053
9079|28137|59|2|0|1|0.7|4010.733461654807
9078|28137|87|2|0|0|2.65|25297.066401414217
8866|28156|59|1|0|1|1.63|7577.740159013105
9490|28362|9|2|0|0|0.7653|3366.2095186811616
9447|28410|17|2|0|1|5.1866|22485.287213228377
8673|28477|32|2|0|1|0.62|4583.515452755492
9109|28847|52|2|0|1|0.7292|4681.259016821745
9420|28861|17|1|0|1|1.081|4634.488678072155
9175|29262|23|2|0|1|1.4774|9885.06229325252
9174|29262|59|2|0|1|4.08|24184.817627962773
9221|29666|59|2|0|1|1.17|8208.999776193532
8813|29831|59|1|0|1|0.472|1014.7868068274831
9164|30114|59|2|0|1|1.51|7810.589184999929
8656|30139|32|2|0|1|1.86|11851.782515569172
9019|30409|15|2|0|1|0.372|2006.4619892938438
9372|30423|17|1|0|1|0.9478|4344.836213220837
9336|30628|81|1|0|1|3.1766|6285.803722764687
9126|30652|52|2|0|1|0.4784|2963.991638862398
9493|30771|9|2|0|0|2.68|11627.681619269888
8812|30936|59|1|0|1|0.4142|458.91354569794174
9313|31012|68|1|0|0|3.22|8762.3751207899
8593|31153|32|2|0|1|0.0995|3292.971547505075
8879|31551|59|1|0|1|0.95|4037.17056941935
9308|31565|68|1|0|0|2.99|8764.401615744606
9209|31622|59|2|0|1|0.4247|2593.296577295917
9075|31836|87|1|0|0|1.331|6420.704729634383
9074|31836|87|2|0|0|1.331|8136.888150033429
9268|31838|68|1|0|0|1.38|4894.3245025859305
9301|31890|68|1|0|0|1.0427|4848.441981047306
9364|31899|17|1|0|1|1.34|5629.71987895582
9528|32006|94|2|0|0|0.2295|3857.667851133489
9319|32060|17|1|0|1|6.8092|29751.052831087727
9318|32060|81|1|0|1|4.8256|27529.330651591976
9202|32437|59|2|0|1|0.7072|3284.221888392978
8557|32572|32|2|0|1|0.0318|3966.5335081526255
9409|32660|17|1|0|1|1.1505|2178.080561257246
9291|32681|68|1|0|0|0.5732|3650.145004009598
9217|32730|59|2|0|1|1.2399|8601.50643953418
8664|32795|26|2|0|1|2.6343|13043.177908601758
8662|32795|32|2|0|1|5.12|41346.422810168966
8663|32795|59|2|0|1|3.84|27410.33190011696
9527|32896|94|2|0|0|1.5161|12282.262160484494
9406|32986|17|1|0|1|0.2093|268.82142593556284
8538|32997|32|2|0|1|3.4711|16500.330039411077
8539|32997|40|2|0|1|2.63|11943.40536978157
8803|33084|59|1|0|1|0.3748|861.9364388941549
9246|33248|81|2|0|1|4.2851|44344.872116790684
9192|33428|59|2|0|1|2.94|14865.563004014746
8623|33453|32|2|0|1|1.32|9061.523211835594
9439|33486|17|2|0|1|8.51|47980.2715228155
9440|33486|55|2|0|1|4.2494|16052.631905867587
9283|34190|68|1|0|0|3.7789|12759.092101510872
8715|34244|32|2|0|1|5.19|13322.962514694675
8883|34315|59|1|0|1|0.4126|2646.6138469826838
9593|34407|92|1|0|0|0.69|1228.8036115686268
8619|34500|32|2|0|1|2.9517|5883.647785736418
8761|34512|59|1|0|1|4.8541|29934.874375844152
9266|34775|81|2|0|1|3.0631|14090.169825392008
9158|34853|59|2|0|1|0.4378|2368.7789836850743
9495|34922|9|2|0|0|1.3416|8171.174291120524
9588|34977|4|2|1|1|1.23|4513.818597845007
9060|35052|87|2|0|0|1.3029|10954.900027430209
8693|35100|32|2|0|1|0.86|6348.444372450617
8901|35271|40|2|0|1|5.8772|38741.005852819464
8814|35284|59|1|0|1|0.8183|1750.7130039940178
9046|35287|87|2|0|0|7.593|39876.925406578426
8566|35465|32|2|0|1|3.8165|19021.660425174545
9298|35689|68|1|0|0|0.5907|2389.381857722315
8918|35719|40|2|0|1|0.8782|9301.81680524834
9107|35819|52|2|0|1|0.4725|2479.589945368093
8808|35888|59|1|0|1|1.0572|1350.3163960537279
9238|36088|59|2|0|1|1.9915|7064.412707165175
9515|36094|94|2|0|0|1.5479|6298.860748771132
8882|36122|59|1|0|1|0.9166|5827.834390672458
9033|36123|15|2|0|1|6.72|42226.035535723684
9425|36258|17|1|0|1|1.97|5928.426248580114
8876|36331|59|1|0|1|0.78|3133.089082606907
9025|36468|15|2|0|1|1.9141|16044.458160071063
8740|36535|17|1|0|1|1.6|2400.2383532385415
8739|36535|59|1|0|1|1.6|1896.6156979177026
8924|36708|40|2|0|1|0.5462|2958.1009687308033
9369|36918|17|1|0|1|2.0733|7212.899343798927
9317|37005|81|1|0|1|3.74|23594.817712931304
8652|37371|32|2|0|1|1.1643|5724.322215237154
9147|37461|52|2|0|1|3.68|28499.37688680746
8744|37661|59|1|0|1|0.9008|6832.589806971892
8568|37826|17|2|0|1|10.1482|76493.88463940952
8567|37826|32|2|0|1|4.4695|20175.894857651692
8782|38025|59|1|0|1|3.94|17307.70453911944
9087|38272|17|1|0|1|1.4393|6297.142801538181
9085|38272|52|2|0|1|0.9413|4955.368618860047
9088|38272|71|1|0|1|1.06|1509.3899951746448
9086|38272|81|1|0|1|2.95|9312.114289018964
9089|38272|87|1|0|0|1.63|3327.610792197135
9348|38443|17|1|0|1|1.1093|4911.025422142115
8594|38454|32|2|0|1|1.0169|4291.895243842091
9327|38481|81|1|0|1|1.1017|2659.7439065955086
9453|38512|17|2|0|1|4.99|21164.537830192832
8818|38557|59|1|0|1|0.2297|789.4770665816199
9309|38645|68|1|0|0|0.49|2582.275567415444
8938|38764|40|2|0|1|0.8051|4082.75005585907
8893|38795|40|2|0|1|2.18|11473.364497381994
9265|39040|81|2|0|1|2.5438|21452.083786306062
8639|39112|32|2|0|1|5.68|19735.369492054826
9073|39261|87|1|0|0|1.08|2991.609204811134
9071|39261|87|2|0|0|1.08|3201.600742220419
9072|39261|94|2|0|0|2.4291|11291.086540929988
9441|39276|17|2|0|1|0.3938|2276.3935958618263
8556|39360|32|2|0|1|3.08|5022.991529892938
9365|39495|17|1|0|1|3.76|9843.78631718135
8727|39664|59|1|0|1|1.122|1922.3410404038113
8728|39664|59|2|0|1|1.122|3219.380409731372
8729|39664|68|1|0|0|1.4329|4123.920350229588
9070|39939|87|2|0|0|0.6882|8445.252488326749
9360|39979|17|1|0|1|0.7419|3244.798431734679
9530|40200|71|1|0|1|1.774|2224.541710494658
9457|40204|17|2|0|1|0.2543|1112.5840464034598
8668|40352|32|2|0|1|0.35|3101.978933187214
9575|40447|26|2|0|1|1.4783|10041.442064700717
8681|41027|32|2|0|1|1.877|11061.385899480898
9456|41398|17|2|0|1|0.9908|3987.083474315962
8788|41607|59|1|0|1|1.6562|3734.32356471023
8789|41607|81|1|0|1|0.46|1347.5119284233754
9442|42164|17|2|0|1|0.6153|3213.7889952466185
8841|42384|59|1|0|1|0.1236|915.1839397911692
9500|42448|9|2|0|0|1.0209|2812.523586786091
8692|42483|32|2|0|1|0.2992|2019.2378999185107
8702|42520|32|2|0|1|0.0418|2701.1550654859852
9485|42577|9|2|0|0|1.2|4633.989502901887
8888|42777|59|1|0|1|0.78|4747.797876626108
8941|42787|40|2|0|1|0.9728|7671.359826769319
9590|42915|40|1|0|1|0.2732|998.3449709081318
9484|43077|9|2|0|0|0.5|2019.01692334976
8833|43129|59|1|0|1|0.6094|1863.3532616404395
9054|43256|87|2|0|0|1.61|8612.079208666582
9432|43705|17|2|0|1|4.2676|11391.870862494576
8647|44150|9|2|0|0|4.314|29383.12498213116
8644|44150|32|2|0|1|1.04|7213.631569103064
8645|44150|59|1|0|1|1.45|14485.930470126264
8646|44150|81|2|0|1|0.8948|5564.300082877882
8648|44150|87|1|0|0|0.1|1557.6265152490419
9185|44155|59|2|0|1|0.034|4919.345918654975
8579|44512|32|2|0|1|3.78|32084.67712113331
9443|44625|17|2|0|1|1.29|5038.2663840371715
8775|44713|59|1|0|1|2.12|4285.201002842504
9292|44837|68|1|0|0|0.4|2820.6038188356038
8588|45489|26|2|0|1|1.87|11368.300147094187
8587|45489|32|2|0|1|6.8|61512.46403753656
9237|45680|59|2|0|1|1.7696|15003.251551639998
9489|45742|9|2|0|0|0.9776|3257.607516610439
8597|45773|32|2|0|1|5.22|38818.96370359283
8934|45849|40|2|0|1|0.5089|3385.306454246457
9229|46130|59|2|0|1|0.1257|759.968945266515
8551|46499|32|2|0|1|0.2835|4100.071274938657
9151|46712|59|2|0|1|0.2765|1997.8798000900108
8861|47033|59|1|0|1|1.0523|4331.023457545548
8915|47258|40|2|0|1|1.334|9800.213885306326
8804|47298|59|1|0|1|0.17|490.69085576572127
9167|47465|59|2|0|1|1.0211|5266.323814793881
9568|47532|26|2|0|1|0.55|2771.873453222514
9467|47561|17|2|0|1|0.5797|3667.519090539156
9421|47829|17|1|0|1|1.31|2143.2351331861505
9422|47829|17|2|0|1|1.31|7492.860449786085
9423|47829|92|1|0|0|1.3464|12232.87211592773
8820|47874|17|1|0|1|1.1386|2701.8688901574333
8819|47874|59|1|0|1|0.8385|1903.054858812368
8527|47921|32|2|0|1|7.3735|45281.27532570953
9466|48223|17|2|0|1|1.464|7256.31014825622
9040|48410|68|1|0|0|1.12|4895.142057343554
9041|48410|68|2|0|0|1.12|3890.25694797746
9042|48410|81|1|0|1|1.2873|4188.934124008273
9039|48410|81|2|0|1|1.2873|5709.211858013278
9038|48410|87|2|0|0|0.2441|2174.7651155544136
9352|48438|17|1|0|1|0.4449|1848.0873853721507
9413|48453|17|1|0|1|2.0878|7951.702249314275
9414|48453|17|2|0|1|2.0878|3815.2364198429023
9585|48461|84|2|0|0|2.2005|14648.106594070112
9029|48615|15|2|0|1|2.0116|14935.230123392155
9030|48615|81|2|0|1|1.8099|16998.94890633129
8526|48626|32|2|0|1|3.7503|22710.201806028963
8726|48652|17|1|0|1|0.57|2119.347960292641
8725|48652|59|1|0|1|1.24|2613.0053059661614
9219|48720|59|2|0|1|0.2209|1535.7492499795726
9356|48807|17|1|0|1|0.47|2345.910624446
8974|48816|15|2|0|1|2.11|15359.088215884552
8854|48827|17|1|0|1|5.24|7446.5049250325665
8855|48827|17|2|0|1|5.24|27214.456737365446
8852|48827|40|2|0|1|8.41|34289.83917335604
8851|48827|59|1|0|1|8.1338|6011.411692712765
8853|48827|59|2|0|1|8.1338|13962.531379042053
9198|48849|59|2|0|1|2.03|10046.652078747404
8589|48877|32|2|0|1|13.18|89640.7211657605
8590|48877|52|2|0|1|7.21|36073.72655618217
8591|48877|59|2|0|1|7.17|52041.869682371085
8592|48877|81|2|0|1|7.99|71294.09524313724
9595|48890|48|2|0|0|4.9765|12224.585318999914
8799|49034|59|1|0|1|1.1009|2139.3891930247382
9361|49130|17|1|0|1|2.7138|6201.05241089492
9474|49305|9|2|0|0|3.1844|10996.385059856937
8913|49345|40|2|0|1|1.83|3196.449347720637
8914|49345|59|2|0|1|0.82|1418.4077570229736
9068|49541|68|1|0|0|3.0|13036.601185300136
9067|49541|87|2|0|0|2.78|23288.099169851186
9069|49541|94|2|0|0|1.88|9042.112401572827
9145|49636|9|2|0|0|2.8601|7257.847391593093
9144|49636|17|2|0|1|12.2474|71496.93677059977
9146|49636|26|2|0|1|3.0178|11688.352101371589
9141|49636|52|2|0|1|6.9004|32489.195722646917
9142|49636|59|2|0|1|20.8122|89888.37255631192
9143|49636|81|2|0|1|0.44|3941.6280897756455
8569|49672|32|2|0|1|1.1995|6046.883803032899
8877|49929|59|1|0|1|0.17|1239.3712812343622
9347|50093|17|1|0|1|1.0286|5150.200664913254
9532|50343|87|1|0|0|3.4319|12404.75366783843
8925|50386|40|2|0|1|0.4262|3262.7558101728273
8790|50441|59|1|0|1|1.01|4399.0101532633425
9181|50486|59|2|0|1|2.4|13209.457340826339
9099|50528|4|2|1|1|21.598|44295.65193654243
9098|50528|52|2|1|1|2.85|6840.586725520632
8930|50647|40|2|0|1|0.5223|2165.897067282789
9491|50909|9|2|0|0|2.0004|12610.05343009441
9582|51031|8|2|0|0|2.09|5747.825362762075
8823|51311|59|1|0|1|0.3799|773.3020441071025
9553|51387|23|2|0|1|0.4422|2223.6930955882444
9511|51766|52|1|0|1|0.6861|2983.019328043428
9338|51822|17|1|0|1|12.41|38848.392349638765
9437|51852|17|2|0|1|2.55|10167.030958289768
9583|52008|8|2|0|0|6.9|44972.99654085946
8961|52069|40|2|0|1|2.405|17378.42756924693
9525|52160|94|2|0|0|4.25|18647.293607439384
9373|52182|17|1|0|1|1.1038|1626.5546101203677
9066|52311|87|2|0|0|0.2315|1304.562370120377
8850|52363|59|1|0|1|0.7608|4781.08976252805
9455|52441|17|2|0|1|0.271|1117.9840809376628
8748|52475|59|1|0|1|1.7105|3589.5603301772558
9213|52835|59|2|0|1|0.7394|3059.0761679033344
9560|52973|43|2|0|0|1.362485|8678.629615537666
9023|53020|15|2|0|1|0.2942|1952.219486825567
8929|53135|40|2|0|1|0.2821|1480.7798476757775
9565|53137|4|2|1|1|6.88|15451.403271611596
9564|53137|26|2|1|1|5.0644|12387.00552859934
9245|53298|59|2|0|1|2.2158|9824.293753678103
9311|53833|68|1|0|0|0.85|4978.29854963024
8676|53891|32|2|0|1|1.4798|3471.586318126396
8708|53975|17|2|0|1|2.34|15206.741700045419
8707|53975|32|2|0|1|0.3076|2233.2512132655193
9540|54183|87|1|0|0|1.26|3825.11128129724
9535|54397|87|1|0|0|0.1|720.8113886797929
8975|54915|15|2|0|1|2.06|15381.787897183214
9271|54960|68|1|0|0|1.57|6036.059915094626
8615|55225|32|2|0|1|2.3661|5204.679567838376
8601|55261|32|2|0|1|3.2715|6773.129364114049
9579|55281|26|2|0|1|0.31|2786.3355078139202
9383|55370|17|1|0|1|0.843|1546.8380188551605
8777|55497|59|1|0|1|6.7226|7061.387894163461
8905|55518|40|2|0|1|1.2247|4623.002797162886
9332|55611|81|1|0|1|0.89|7725.86773672735
8583|55618|32|2|0|1|0.4105|4267.234985469487
9125|55644|52|2|0|1|0.9483|7515.531951831979
9139|55693|52|2|0|1|0.4136|2648.416156484466
8781|55823|59|1|0|1|0.8921|3609.7679379753927
9359|56446|17|1|0|1|0.5939|2307.8627288931575
8689|56834|32|2|0|1|2.1421|12306.698196345245
9446|56863|17|2|0|1|1.5098|6935.8875251979425
8630|56971|32|2|0|1|4.7086|32173.82739469118
8891|57052|17|1|0|1|1.83|4046.841144530203
8890|57052|59|1|0|1|5.8907|8839.189805432428
8892|57052|87|1|0|0|3.1|7731.391144764231
8680|57191|32|1|0|1|3.7255|9985.405048360488
8679|57191|32|2|0|1|3.7255|31559.902011692066
8834|57203|59|1|0|1|0.3092|792.0067027854459
8573|57254|32|2|0|1|1.4107|11523.719907258037
8574|57254|59|2|0|1|1.1054|5081.726976867013
9241|57397|59|2|0|1|1.0026|5758.729041872465
8620|57440|32|2|0|1|3.72|8076.680542083751
9395|57450|17|1|0|1|0.41|1496.4166208997785
9092|58150|52|2|0|1|1.6289|8180.795973283655
9328|58378|81|1|0|1|0.7262|4633.79840146705
9454|58478|17|2|0|1|0.1844|2149.137126317182
9438|58567|17|2|0|1|2.6214|11994.50331052558
9254|58595|81|2|0|1|2.285|17262.328234990135
9118|58685|52|2|0|1|0.265|1782.7493002006013
8716|58769|32|2|0|1|4.25|39588.57547792699
8717|58769|59|2|0|1|4.07|39632.22774364975
9396|58948|17|1|0|1|0.42|577.9826011846378
9027|59027|15|2|0|1|0.4526|2826.452548460512
9026|59124|15|2|0|1|0.2991|2008.4183959002792
9149|59146|59|2|0|1|1.7|8865.812062039451
8972|59317|15|2|0|1|0.8451|4399.998774462091
8973|59317|59|2|0|1|0.7555666666666667|3402.8793326405257
8948|59397|40|2|0|1|2.7|23802.44065530804
8949|59397|59|2|0|1|2.7857|19129.80811213131
8857|59516|59|1|0|1|0.5501|3451.61977314426
8858|59516|65|1|0|1|1.1399|5133.808156981878
9191|59544|59|2|0|1|2.52|15328.150455493593
9597|59598|32|1|0|1|0.079|774.3855462157353
9260|59612|81|2|0|1|1.1326|7005.227938001534
9501|59757|9|2|0|0|0.417|2304.414615723524
9463|59892|9|2|0|0|3.5355|10291.772053014194
9462|59892|17|2|0|1|7.6771|49339.909253786274
9135|59939|9|2|0|0|2.54|9086.892453496297
9133|59939|17|1|0|1|10.86|32479.111178980238
9134|59939|17|2|0|1|10.86|33156.91653760264
9132|59939|52|2|0|1|3.5271|17854.930748311366
9053|60279|87|1|0|0|1.12|5967.428596776376
9052|60279|87|2|0|0|1.12|5389.852974288633
9355|60635|17|1|0|1|2.4754|16262.374395140627
8897|60667|40|2|0|1|0.6019|3114.6980742658266
8952|60871|40|2|0|1|3.9349|14223.595484800917
8953|60871|59|2|0|1|4.61|16915.850091591048
8955|60871|81|1|0|1|6.09|10989.431165742224
8954|60871|81|2|0|1|6.09|19632.707121601146
9486|61062|9|2|0|0|2.32|8328.345443519536
9488|61062|84|2|0|0|0.9|8758.112419689012
9487|61062|94|2|0|0|2.0|9634.724791081297
9548|61076|23|2|0|1|0.8655|3790.751056139009
8778|61161|59|1|0|1|1.58|6359.453162275079
8613|61177|17|2|0|1|7.039|32842.067311595005
8614|61177|26|2|0|1|2.2924|17078.91092625493
8611|61177|32|2|0|1|5.1465|38795.00582986323
8612|61177|52|2|0|1|7.9425|34526.75559716178
9021|61370|15|2|0|1|0.9986|4341.964847612271
8904|61431|40|2|0|1|1.2584|4969.503309521889
8714|61478|32|2|0|1|2.49|6181.224053565549
9034|61497|15|2|0|1|1.8309|9306.46058067216
8828|61845|59|1|0|1|0.48|2015.2615294385007
9322|61928|81|1|0|1|2.45|8529.421440807815
9513|62259|94|2|0|0|0.399|2628.6897611500563
9022|62440|15|2|0|1|0.2342|1830.5559362279982
8825|62521|59|1|0|1|0.0398|324.31752000946665
8826|62521|87|2|0|0|0.0243|769.6581507719409
8821|62580|59|1|0|1|0.56|1066.1424142162211
9567|62606|26|2|0|1|0.49|3641.7475177647916
9326|62629|23|2|0|1|1.76|8010.25055309201
9325|62629|81|1|0|1|5.0857|14480.23680936793
8884|62869|59|1|0|1|0.405|1802.5403115925778
9057|62977|26|2|0|1|1.8474|9328.60129989433
9056|62977|52|2|0|1|4.8447|20456.294716487428
9055|62977|87|2|0|0|0.3939|5316.538147482666
8719|63133|59|1|0|1|1.7|3208.18728948837
8722|63133|68|1|0|0|1.48|5608.327026762593
8723|63133|68|2|0|0|0.13|3829.8498427860713
8724|63133|81|1|0|1|0.2245|3242.504380438283
8721|63133|81|2|0|1|0.2245|3565.744246527185
8720|63133|87|2|0|0|0.1229|3766.413599208172
9270|63181|17|1|0|1|2.68|12815.943997041053
9269|63181|68|1|0|0|1.1|6854.688897219235
9399|63209|17|1|0|1|0.6366|831.8865210066242
9400|63209|17|2|0|1|0.6366|4269.658924289363
8990|63312|15|2|0|1|2.1223|16875.671039749468
8776|63365|59|1|0|1|4.41|14119.83267767735
8824|63510|59|1|0|1|0.1373|353.1106541022893
8907|63812|40|1|0|1|1.0513|3206.661756316131
8906|63812|40|2|0|1|2.32|8820.0200630406
9310|63987|68|1|0|0|0.5128|4108.655429778091
8749|64042|59|1|0|1|4.03|20805.8862787345
9190|64329|59|2|0|1|0.8939|6858.8495349994355
8581|64499|32|2|0|1|1.3996|10607.319582951935
9330|64722|81|1|0|1|0.63|3073.7900393454906
9083|64738|52|1|0|1|0.44|3611.6727947615573
9082|64738|52|2|0|1|0.44|4114.793830083898
8863|64845|59|1|0|1|0.81|1808.2253188736363
8864|64845|59|2|0|1|0.81|3989.2596989497006
9224|64919|59|2|0|1|1.4|8506.266537067913
9063|65256|87|2|0|0|0.8094|6958.426539942166
8626|65375|32|2|0|1|2.1694|13936.970236896712
8765|65838|59|1|0|1|1.3993|3953.792284947046
8766|65838|59|2|0|1|1.3993|4342.838793469429
9331|65920|81|1|0|1|0.17|1779.7165329781863
9496|65935|9|2|0|0|0.57|2184.916758169803
9031|65991|15|2|0|1|1.935|17950.53616668532
9225|66010|59|2|0|1|0.7254|3356.434286701241
9251|66052|81|2|0|1|1.74|9492.214512887658
8629|66350|9|2|0|0|1.95|10002.577904006539
8627|66350|32|2|0|1|3.131|20291.76731577564
8628|66350|59|2|0|1|3.1037|19871.753815497246
8848|66451|59|1|0|1|4.6496|9097.348674234676
9368|66472|17|1|0|1|0.4659|2057.8563466529713
8940|66708|40|2|0|1|0.6647|4660.223011830155
9316|66871|68|1|0|0|0.959|2877.8407690567497
9000|66914|15|2|0|1|1.156|8124.3623714526475
8919|67061|40|2|0|1|0.2568|2559.3966544787822
8698|67186|32|2|0|1|3.2218|18066.488357642433
9562|67292|43|2|0|0|0.57|3012.429679220616
9492|67512|9|2|0|0|0.82|3726.3000523208893
9445|67670|17|2|0|1|0.6158|3503.509228061397
9494|67739|9|2|0|0|4.9882|16102.562508445519
8780|67743|59|1|0|1|0.904|3498.5744480649387
9116|67767|52|2|0|1|0.2785|2790.842262481639
9032|67872|15|2|0|1|4.43|11672.276747577203
9556|67923|23|2|0|1|3.2408|19572.860227686026
8937|67974|40|2|0|1|1.64|11038.36112258962
9037|68049|87|2|0|0|0.46|4755.612190670841
9096|68089|26|2|0|1|2.4|15416.435791234046
9094|68089|52|2|0|1|9.35|46519.0030750133
9095|68089|59|2|0|1|9.54|57990.84833958747
8982|68145|4|2|1|1|5.18|11790.215070721202
8978|68145|15|2|1|1|0.8455|4053.6881544161342
8981|68145|26|2|1|1|1.7034|4621.68781786574
8979|68145|52|2|1|1|1.95|4764.269425248652
8980|68145|59|2|1|1|2.86|6748.693927866398
9097|68718|52|2|0|1|2.11|8311.896658547152
8580|68761|32|2|0|1|1.2254|7073.707258440879
9358|68807|17|1|0|1|0.5972|2315.3596026169153
8792|68850|59|1|0|1|2.08|10343.29292461524
8900|68936|40|2|0|1|3.2633|13158.014949832297
9307|68971|43|2|0|0|3.8101|9410.6793781209
9306|68971|68|1|0|0|2.0857|4539.884884772817
8889|69003|59|1|0|1|3.561|20693.412235910226
8926|69033|40|2|0|1|0.4186|3207.86412989815
9346|69138|17|1|0|1|2.5|12193.777810421396
8706|69205|32|2|0|1|4.0997|17478.286839736375
9534|69387|87|1|0|0|0.5469|3980.638653040901
8942|69470|40|2|0|1|0.7886|6424.64253728161
8762|69552|59|1|0|1|2.51|4888.754639680561
8763|69552|59|2|0|1|2.51|5231.0202709781415
8764|69552|65|2|0|1|1.02|7318.294018696057
9549|69576|23|2|0|1|0.9315|4264.618583480972
9128|69730|52|1|0|1|4.2266|4882.879368403183
9127|69730|52|2|0|1|4.2266|10424.455052075562
9258|69901|81|2|0|1|0.5058|2827.0698674944288
8933|69939|40|2|0|1|0.3211|3473.0909812263103
9197|70039|59|2|0|1|7.737|42895.127962309634
9196|70101|59|2|0|1|0.4804|2341.1359081121655
9497|70111|9|2|0|0|1.67|4928.817596655008
9374|70112|17|1|0|1|0.62|798.2190762057812
8928|70172|40|2|0|1|1.9222|11498.941550950323
9431|70224|17|2|0|1|0.0869|3607.559636281173
9468|70378|9|2|0|0|2.45|3250.2089359336032
9370|70407|17|1|0|1|0.9209|4746.370074327024
9371|70407|87|1|0|0|1.01|3152.080366533686
8767|70449|59|1|0|1|2.9|7098.586310580455
9473|70520|9|2|0|0|0.0346|577.5378887860682
8845|70598|59|1|0|1|0.8341|3263.723295565259
8846|70598|92|1|0|0|2.2117|6761.2332045273
9262|70604|81|2|0|1|1.2361|8068.879535018155
8758|70620|59|1|0|1|0.85|1366.5873234288185
8935|70658|40|2|0|1|0.2509|2429.6259514892804
9017|70721|15|2|0|1|2.5909|17613.64277232776
9176|70754|59|2|0|1|2.8132|16269.084897236738
8554|71061|32|2|0|1|2.2081|4147.773745974877
9573|71260|26|2|0|1|1.1584|4610.722680035989
9281|71300|26|2|0|1|2.12|12724.562804132922
9280|71300|68|1|0|0|1.9039|8292.9985393018
9282|71300|84|1|0|0|1.9039|8268.964846739273
9503|71520|9|2|0|0|0.2912|1824.111957636072
9203|71533|59|2|0|1|1.2264|7612.980427001936
8635|71764|17|2|0|1|0.91|18684.26669039821
8637|71764|23|2|0|1|0.0622|1036.1078788001319
8633|71764|32|2|0|1|2.81|14570.88416665584
8634|71764|87|2|0|0|1.68|15811.445276433064
8636|71764|94|2|0|0|6.096|15820.610605460108
9210|71788|59|2|0|1|0.2962|1661.5585718071802
9524|71833|94|2|0|0|1.0259|3872.56333369338
9264|71993|81|2|0|1|1.2817|15551.062705510354
9587|72027|4|2|1|1|2.76|6690.623335916792
8572|72124|32|2|0|1|0.9395|7911.119532194127
9250|72130|81|2|0|1|4.3341|21381.410619449434
8875|72175|59|1|0|1|0.43|1892.0303681093028
9416|72252|17|1|0|1|0.42|566.1753158864173
8801|72315|59|1|0|1|0.0965|253.11544271760278
9223|72387|59|2|0|1|0.3881|2306.9480517252605
8947|72495|17|2|0|1|3.29|20202.321241994265
8946|72495|40|2|0|1|2.86|21002.80088945969
8874|72583|59|1|0|1|0.8782|3403.1097108540584
8959|72803|26|2|0|1|3.38|37569.547317701465
8956|72803|40|2|0|1|1.3463|12400.941045152162
8957|72803|59|2|0|1|2.5891|20099.13336476968
8958|72803|94|2|0|0|0.7963|5491.557149361668
8537|73332|32|2|0|1|0.6041|2770.565812038671
9392|73443|17|1|0|1|0.6416|2880.6853254439316
9393|73443|17|2|0|1|0.6416|3586.0382481369475
9220|73540|59|2|0|1|0.3201|1919.215153062179
8752|73580|59|1|0|1|0.6303|1525.6934218326223
8903|73893|40|2|0|1|1.1582|4056.1794556811606
9161|74003|59|2|0|1|2.9465|12450.198218218795
9113|74004|52|2|0|1|0.3834|4397.084271966183
8701|74410|32|2|0|1|3.7392|19015.799080021785
9450|74427|17|2|0|1|1.57|8581.848318062624
9150|74473|59|2|0|1|1.7953|7471.339265863967
8817|74722|59|1|0|1|0.6768|3064.2299831923133
9407|74812|17|1|0|1|0.28704|466.3568052675112
9598|74974|15|1|0|1|0.2961|951.0909829063623
9020|75037|15|2|0|1|0.5665|2711.5692256845605
8736|75065|59|1|0|1|1.66|1806.2450665211284
9458|75075|17|2|0|1|0.74|3303.9030832090452
9449|75171|17|2|0|1|1.73|8837.559371765292
8932|75379|40|2|0|1|0.42977|1255.342983780572
8802|75402|59|1|0|1|0.39|1795.6407040267563
9205|75428|59|2|0|1|0.3355|1741.437194583036
9337|75464|81|1|0|1|1.2212|3192.5748915070553
9363|75702|17|1|0|1|3.5176|8660.16572603297
9065|75832|87|2|0|0|0.121|963.6732121226493
9544|76117|87|1|0|0|1.08|4108.19857432132
9563|76134|26|2|0|1|1.2068|7881.045692462389
9218|76361|59|2|0|1|0.4463|2690.8528707385176
9011|76459|15|2|0|1|2.3918|18259.053995272156
9013|76459|17|1|0|1|0.9737|6454.706418641206
9014|76459|26|2|0|1|7.5446|72443.49375917397
9012|76459|52|2|0|1|8.5245|70100.933474192
9342|76476|17|1|0|1|0.7054|2643.336986917632
8631|76588|32|2|0|1|6.8286|22040.514366811265
8632|76588|59|2|0|1|1.3303|11634.052018007545
9427|76698|17|1|0|1|0.5188|1728.813559127245
8700|76949|32|2|0|1|0.4293|2660.802588135623
9255|76977|81|2|0|1|0.9352|6732.882466477748
8805|77069|59|1|0|1|2.3254|4061.9760689045843
9253|77330|81|2|0|1|1.76|12328.157209932098
8847|77440|59|1|0|1|0.47|2716.966813970603
9119|77527|52|2|0|1|1.12|6789.664030409482
9189|77614|59|2|0|1|0.4619|1856.5036554371418
9384|77616|17|1|0|1|0.6166|1237.1191515176029
8600|77661|32|2|0|1|1.289|4094.319756229115
9165|77844|59|2|0|1|1.0818|4441.5525074272555
9048|77867|81|2|0|1|1.03|6064.4900571988055
9047|77867|87|2|0|0|3.22|14215.422518944184
9539|77964|87|1|0|0|0.3064|1796.4181983587455
8964|77984|15|2|0|1|0.6446|4174.129306717654
8965|77984|59|2|0|1|0.7555666666666667|3554.974830498165
8966|77984|81|2|0|1|1.5893|4177.638301112456
9169|78210|59|2|0|1|5.6249|19463.15308383849
9295|78229|68|1|0|0|1.162|7007.976053097994
9516|78273|94|2|0|0|1.7842|12339.01397430441
9523|78281|94|2|0|0|3.82|27836.17679108846
9263|78460|81|2|0|1|4.536|36113.44429548369
9581|78565|8|2|0|0|1.057|3171.938592209634
8970|78846|15|2|0|1|0.6955|4355.919928919293
8971|78846|59|2|0|1|0.7555666666666667|3464.9355256566546
9428|78863|17|2|0|1|2.0094|7291.842336709679
8649|79247|32|2|0|1|3.4083|31120.40611977401
8650|79247|59|2|0|1|1.4779|12729.399993835184
9410|79253|17|1|0|1|0.0282|162.09802282464315
8992|79550|15|2|0|1|2.5369|12138.304974181448
8791|79653|59|1|0|1|3.1556|11559.4427490039
9122|79722|52|2|0|1|0.3581|1977.0107520016215
9520|79796|94|2|0|0|2.9977|18826.576474182428
9557|79903|23|2|0|1|1.016|5315.963779345939
8575|80170|32|2|0|1|2.1631|5667.160625068458
8576|80170|59|2|0|1|1.8688|6194.6622324888285
8839|80461|59|1|0|1|0.4008|1191.4101915932656
9091|80479|52|2|0|1|5.64|19901.10937862176
8895|80506|40|2|0|1|1.7935|8568.60135298678
9509|80600|52|1|0|1|0.8949|2541.944858802422
9481|80627|8|2|0|0|3.0|23318.18218406381
9478|80627|9|2|0|0|11.16|50731.70795330012
9479|80627|43|2|0|0|4.24|21004.719873332146
9480|80627|62|2|0|0|1.8|8250.118021978169
9436|80886|17|2|0|1|0.19|3673.3329637675365
9452|80942|17|2|0|1|3.9164|18772.325229856775
9285|81034|17|1|0|1|3.07|6931.95544736108
9284|81034|68|1|0|0|4.8904|10530.140620245664
9286|81034|92|1|0|0|3.51|6806.511856934933
9343|81093|17|1|0|1|0.7|2832.1501895408464
8672|81554|32|2|0|1|0.4686|3526.1703643632923
9387|81717|17|1|0|1|0.2624|1126.9218753846224
9561|82023|43|2|0|0|6.5144|20971.667755136637
9391|82727|17|1|0|1|0.9814|3084.294530916123
9001|82928|15|2|0|1|3.785|20052.109211661762
9315|82939|68|1|0|0|0.76|3241.3338291648247
9244|83256|59|2|0|1|2.2643|9995.698971325928
9577|83458|10|2|0|1|1.8125|10850.152696076606
9576|83458|26|2|0|1|1.0167|9019.954099022732
8734|83472|17|1|0|1|7.42|31957.885222522513
8732|83472|59|1|0|1|16.46|58316.13383246873
8733|83472|81|1|0|1|8.0|9469.411424681626
9006|84051|15|2|0|1|4.1|21170.46162360317
9008|84051|23|2|0|1|3.8|34970.92902181112
9007|84051|59|2|0|1|3.0|14499.707967700097
8713|84174|15|2|0|1|2.74|10694.532020552826
8711|84174|32|2|0|1|2.628|11277.741348206251
8712|84174|40|2|0|1|3.06|11585.086383226222
9162|84183|59|2|0|1|0.6629|3286.7113115805196
8843|84287|59|1|0|1|0.3975|1120.828606672807
9412|84380|17|1|0|1|0.1183|284.6007427555135
9522|84413|94|2|0|0|1.3638|10388.425002444248
9323|84482|81|1|0|1|4.9577|26101.56863804489
8571|84518|32|2|0|1|0.36|3296.1056315776577
8741|84613|59|1|0|1|5.5066|20985.428677666903
8742|84613|81|1|0|1|1.1581|7234.554979887503
9591|84689|92|1|0|0|1.1398|2790.425644647777
8705|84804|17|2|0|1|1.66|7468.284784611053
8704|84804|32|2|0|1|17.1833|106422.38273371872
8582|84904|32|2|0|1|1.021|5634.369274916876
9274|84948|68|1|0|0|2.3375|6053.689648974607
8977|85001|15|2|0|1|0.7811|4773.2915210831
9411|85201|17|1|0|1|0.1584|335.5502473542592
9187|85203|59|2|0|1|0.8159|2888.723923478665
8822|85407|59|1|0|1|0.5971|1938.8089410681564
9194|85414|59|2|0|1|2.55|14431.251872393108
9010|85515|15|2|0|1|1.8689|13442.127289927133
9550|85546|23|2|0|1|7.1294|18211.189031282785
8643|85548|26|2|0|1|3.6318|22739.332299905283
8641|85548|32|2|0|1|1.61|11286.395546780237
8642|85548|40|2|0|1|1.03|4713.936928397841
8753|85756|59|1|0|1|3.3923|5015.138731809185
9059|85840|81|1|0|1|1.4|6486.807346394791
9058|85840|87|2|0|0|1.85|19285.79381659301
9231|85855|59|2|0|1|0.9497|5066.688613474764
9136|85924|52|2|0|1|0.42|2899.87255935694
9469|85950|9|2|0|0|2.17|8484.150371731866
9470|85950|94|2|0|0|0.66|2332.618189053891
9064|85952|87|2|0|0|0.5336|2780.1445563466627
8669|85984|32|2|0|1|4.37|26252.52224707061
8670|85984|59|2|0|1|4.6|29403.164662715957
9584|86182|84|2|0|0|0.1759|1488.993343368636
9211|86229|59|2|0|1|0.1187|872.6251730598991
9398|86237|17|1|0|1|0.1655|371.992135836956
9100|86267|52|2|0|1|0.44|1727.022702478848
8868|86271|40|2|0|1|0.6|2179.846512451898
8867|86271|59|1|0|1|1.001|4709.958956425261
8870|86271|59|2|0|1|1.001|2604.6438031616512
8869|86271|87|2|0|0|1.4113|13202.19433208684
8878|86542|59|1|0|1|0.61|2451.355868253052
8731|86582|17|1|0|1|3.8066364341085266|40715.2064561298
8730|86582|59|1|0|1|6.418055555555557|5781.274609806281
9570|86743|26|2|0|1|1.77|7539.352105791886
9108|86749|52|2|0|1|1.55|6746.225883134054
9526|86767|94|2|0|0|0.6348|6620.41512219491
9115|86901|52|2|0|1|1.27|6534.9472535385885
8950|86916|40|2|0|1|4.6468|37936.199658687125
8546|87125|17|2|0|1|0.43|3939.474634596189
8545|87125|32|2|0|1|0.244|4038.165137496728
8747|87201|59|1|0|1|0.416|3755.145338867495
9207|87207|59|2|0|1|0.33|1739.7040667867452
8598|87293|32|2|0|1|2.7309|25123.591837717213
8599|87293|59|2|0|1|1.2014|11951.561595718758
9002|87434|15|2|0|1|2.43|13023.113378678136
9199|87539|59|2|0|1|0.322|2035.3451333155767
9499|87552|9|2|0|0|0.77|2730.7303276978105
8756|87664|59|1|0|1|2.09|2523.914626162544
8603|87873|32|2|0|1|1.3747|9904.627454162703
8604|87873|59|1|0|1|5.9563|16589.977651453053
8605|87873|59|2|0|1|5.9563|17668.569555519123
8976|87878|15|2|0|1|6.9837|33293.58178125143
9505|88023|9|2|0|0|0.2624|1679.2922389880914
9375|88040|17|1|0|1|3.2779|10310.491553930671
9376|88040|92|1|0|0|0.5|2892.475280999585
9538|88205|87|1|0|0|0.5341|3077.6243110243645
9531|88517|87|1|0|0|0.941|7206.607646610103
9555|88525|23|2|0|1|2.06|8374.052690174309
9451|88691|17|2|0|1|2.453|11027.926554540889
9512|88841|52|1|0|1|0.8096|3355.996435685931
8962|88928|40|2|0|1|4.5727|47221.96639281984
8963|88928|52|2|0|1|1.6099|14231.440156661043
8655|89417|23|2|0|1|2.9756|18955.717340117488
8653|89417|32|2|0|1|1.3|11393.58213803505
8654|89417|59|2|0|1|3.96|34843.441996401954
9009|89430|15|2|0|1|0.78|3342.7144774378526
8899|89440|26|2|0|1|4.5|26384.85701134214
8898|89440|40|2|0|1|2.16|15121.577955936009
8638|89602|32|2|0|1|4.3488|13485.783238852895
9090|89768|52|2|0|1|2.5313|6272.848501927047
9419|89835|17|1|0|1|0.193|483.6527947387966
9397|89842|17|1|0|1|0.2143|1366.261711836311
8989|90076|15|2|0|1|0.189|2260.83470675256
9476|90202|9|2|0|0|1.9441|5795.591875921555
9415|90227|17|1|0|1|1.66|2486.399542577782
9226|90537|59|2|0|1|0.469|3000.9203670369375
8865|90597|59|1|0|1|1.93|6615.398888570463
9163|90901|59|2|0|1|7.236|29543.833356848925
9483|90980|9|2|0|0|0.6787|4239.258093011099
8743|91094|59|1|0|1|0.93|6822.495346564343
8625|91148|23|2|0|1|2.4211|14513.889865443703
8624|91148|32|2|0|1|1.58|10080.599063205189
8873|91178|59|1|0|1|0.279|1597.2374148071253
9461|91179|9|2|0|0|2.0044|7584.074490708817
9460|91179|17|2|0|1|1.1188|7177.676366355477
8939|91249|40|2|0|1|1.42|9857.204608996788
8838|91435|59|1|0|1|0.0908|485.8726759356197
9230|91517|59|2|0|1|0.1383|798.6086151447773
8920|91543|40|2|0|1|0.2663|2859.857240217507
8665|91752|32|2|0|1|1.0168|5300.260697659567
9551|91794|23|2|0|1|0.7848|3942.07219103055
9600|91845|38|2|0|0|0.69|6503.03918003139
9028|91975|15|2|0|1|0.2627|1845.9849857526776
9045|92013|87|2|0|0|5.1275|16390.6746881562
9580|92023|8|2|0|0|2.3639|8717.066248141631
8885|92027|59|1|0|1|0.43|2806.0709207616237
8896|92099|40|2|0|1|0.8439|3677.1741448609623
9272|92218|68|1|0|0|1.6952|5105.626688093924
9273|92218|94|2|0|0|2.11|7259.921013794168
8595|92490|32|2|0|1|0.9995|5569.185513350072
8737|92531|59|1|0|1|0.82|2733.713205901051
8738|92531|59|2|0|1|0.82|3398.5036658220074
8675|92556|15|2|0|1|1.689|11818.382434147945
8674|92556|32|2|0|1|1.2623|8888.354407977266
9276|92583|17|1|0|1|1.56|1962.9998361457833
9278|92583|43|2|0|0|2.287|13981.303816465708
9275|92583|68|1|0|0|1.8|5389.564290485914
9279|92583|84|2|0|0|1.28|4263.774033708218
9277|92583|87|1|0|0|2.0|5169.893918880984
9378|92853|17|1|0|1|0.5109|806.9814504922003
9426|92933|17|1|0|1|0.2033|1157.1124606580468
8779|93168|59|1|0|1|1.23|4769.100996291832
8894|93182|40|2|0|1|0.7699|4616.69801344681
9362|93228|17|1|0|1|0.4673|2597.4532119514997
9186|93417|59|2|0|1|1.4687|10734.156287825515
9366|93435|17|1|0|1|2.13|8004.9702887282065
9367|93435|26|2|0|1|0.88|4957.836324961359
8856|93498|59|1|0|1|5.0336|35252.85402599136
9592|93510|92|1|0|0|0.08|629.1829141806074
8774|93538|17|1|0|1|3.95|8020.086548666512
8773|93538|59|1|0|1|3.2279|7064.929329866997
9077|93922|59|2|0|1|3.1367|25485.999218049878
9076|93922|87|2|0|0|4.914|51476.23711574056
9166|93970|59|2|0|1|1.1155|4387.310332820738
9084|94033|52|2|0|1|2.0521|9783.201052701706
9248|94181|81|2|0|1|2.7883|13512.119413851615
9249|94181|84|2|0|0|0.5585|3790.944353921032
8682|94553|32|2|0|1|3.4|24343.087193598603
8683|94553|59|2|0|1|3.256|22838.83174182823
9517|94554|94|2|0|0|2.340479|16448.90624740611
9240|94589|59|2|0|1|0.2133|1349.3683148706423
8578|94886|32|2|0|1|3.5729|31709.459613058665
8563|94968|32|2|0|1|2.14|12556.391042898125
9344|95008|17|1|0|1|0.5394|3391.3304334537265
8997|95011|15|2|0|1|0.1441|2039.6632143819825
9188|95018|59|2|0|1|0.4685|1839.5337533413463
8960|95287|40|2|0|1|1.7539|13512.454640783742
9016|95311|15|2|0|1|0.79|3625.4468937667853
8703|95319|32|2|0|1|0.9969|8127.810084856914
9507|95372|52|1|0|1|1.1195|5028.830243589871
9302|95396|68|1|0|0|1.45|5402.3880743320005
9235|95476|17|2|0|1|4.07|24781.25188111899
9232|95476|59|2|0|1|2.0438|11421.066081137604
9234|95476|68|1|0|0|2.71|6947.046163197456
9233|95476|81|2|0|1|1.9108|18992.05292422324
9542|95601|87|1|0|0|1.19|4006.847803093643
8830|95661|59|1|0|1|0.61|2637.7091818950526
8796|95678|17|1|0|1|9.52|65240.266239234305
8795|95678|52|2|0|1|4.02|53992.84515882053
8794|95678|59|1|0|1|20.82|60879.655874763186
8797|95678|94|2|0|0|9.7353|54998.98058015942
9388|95961|17|1|0|1|0.4055|2065.9018223068188
9259|95974|81|2|0|1|0.3746|2447.394462856419
9408|96004|17|1|0|1|0.8502|973.4373662179585
9404|96038|17|1|0|1|0.31|2123.620313311912
9545|96379|87|1|0|0|0.6912|4465.490333163039
9353|96414|17|1|0|1|0.3349|1886.5685152383535
9243|96832|59|2|0|1|0.4201|5320.796883152129
9357|96847|17|1|0|1|2.06|1988.135891149137
9547|96975|23|2|0|1|2.022|10409.936119706827
9159|97172|59|2|0|1|2.6984|9675.058363252865
8860|97437|38|2|0|0|3.53|21618.449918236143
8859|97437|59|1|0|1|0.7793|4906.22301108402
9148|97574|59|2|0|1|2.72|10705.604088831526
9297|97661|68|1|0|0|3.52|7482.982685669698
9510|97695|52|1|0|1|0.4164|2373.3496256903645
8759|97861|59|1|0|1|1.75|3227.0661359710916
9293|97942|68|1|0|0|2.58|4519.385053733093
9294|97942|81|1|0|1|0.1925|1055.540508700291
8840|97945|59|1|0|1|0.406|2007.0420957295967
9106|98118|17|2|0|1|0.83|3440.132189221673
9104|98118|52|2|0|1|2.18|9200.426909706059
9105|98118|59|2|0|1|0.88|3316.768603270118
9171|98140|26|2|0|1|3.56095|23722.610235378128
9170|98140|59|2|0|1|4.59|23527.293710875383
9541|98248|87|1|0|0|0.5191|3464.991461992985
8690|98265|32|2|0|1|1.41|11110.30897640008
8931|98346|40|2|0|1|0.649|4021.219732909357
8862|98490|59|1|0|1|0.41|3285.6674274836164
9401|98571|17|1|0|1|0.2463|391.13705697188504
9502|98646|9|2|0|0|3.23|12919.981283593585
9156|98747|9|2|0|0|3.32|13350.39535363249
9155|98747|59|2|0|1|2.1089|10429.09107398187
8528|98814|32|2|0|1|3.3267|21203.21548918419
8529|98814|40|2|0|1|2.7724|10846.527743561683
9521|98825|94|2|0|0|2.4491|15783.648574500727
9124|98871|52|2|0|1|0.2429|927.6344142170481
9300|98995|17|1|0|1|0.344|1207.9023457044855
9299|98995|68|1|0|0|0.5746|2309.3632341462735
9114|99108|52|2|0|1|1.611|5902.895935388256
9444|99146|17|2|0|1|0.8314|3994.7780988904296
9236|99282|59|2|0|1|1.6244|7799.96766612152
9117|99377|52|2|0|1|0.65|2331.6159965093843
9320|99693|81|1|0|1|6.3397|28739.853191472786
9036|99793|52|2|0|1|0.1326|4184.229327985246
9035|99793|87|2|0|0|0.0189|4406.107311090564
