439|9|2|0|0|1.08|3351.184398117344
447|40|2|0|1|0.4694|2175.655872895999
523|32|2|0|1|0.6478|1762.6651770740102
702|59|2|0|1|1.1331|5076.86056972329
797|59|1|0|1|7.5143|12823.501623220984
797|68|1|0|0|2.3854|8136.114672303281
812|68|1|0|0|0.5741|3207.773169452631
917|59|1|0|1|1.2795|3201.6962782530654
966|32|2|0|1|0.6647|1681.5008884658807
1022|17|2|0|1|0.4694|2758.242425884578
1133|17|2|0|1|0.0969|943.4035301807369
1142|59|1|0|1|0.85|1286.7727953159754
1190|59|2|0|1|2.4615|11251.80549847089
1270|9|2|0|0|2.48|9173.563451539478
1270|94|2|0|0|0.37|1453.9360153205923
1554|32|2|0|1|0.0646|929.0834418264487
1592|32|2|0|1|3.6637|7091.273243869596
1777|59|1|0|1|0.2944|398.4277708018713
2083|15|2|0|1|2.7954|9021.581199690716
2083|26|2|0|1|8.089|14530.314119451248
2083|52|2|0|1|3.3068|11693.760787526158
2083|59|1|0|1|7.944|8724.072255710114
2360|59|2|0|1|6.2374|22295.245307354777
2486|68|1|0|0|1.3553|8316.651913238638
2584|52|1|0|1|0.9767|3837.5455944071846
2716|26|2|0|1|3.757|21206.831460615515
2821|59|2|0|1|3.1242|16397.985657423647
2874|87|1|0|0|0.12|665.2487105655935
2891|59|1|0|1|0.4741|4464.442003835741
2913|52|2|0|1|1.331|9207.57494705853
2916|17|1|0|1|3.728|4435.378199637191
2916|32|2|0|1|2.26|8087.855863805245
2916|59|2|0|1|1.26|5356.2623747773305
3014|17|1|0|1|0.4181|583.7154651318774
3032|59|1|0|1|0.2199|423.1335654638738
3091|81|1|0|1|3.91|17206.86398389072
3316|68|1|0|0|0.6748|1437.533682395131
3494|59|1|0|1|0.2232|800.5646103003819
3555|59|1|0|1|2.45|14897.362738444437
3643|40|2|0|1|1.2752|9101.374780231696
3710|59|1|0|1|0.5372|1536.941023566217
3931|17|1|0|1|1.2231|2630.018661776393
4024|15|2|0|1|0.6622|3044.0367282233624
4024|32|2|0|1|21.11|62786.51949087486
4024|40|2|0|1|18.1746|24015.35672091433
4024|52|2|0|1|8.0726|24482.301897866724
4024|59|2|0|1|1.122|6710.257745527388
4024|81|2|0|1|13.86|26284.278038332122
4024|87|2|0|0|11.9238|50240.073316771275
4052|17|2|0|1|4.68|16353.666209841627
4377|9|2|0|0|1.781|5166.882533006336
4926|32|2|0|1|1.18|5856.541651009771
4990|15|2|0|1|1.5077|11513.92349882514
5062|9|2|0|0|0.0267|506.80667251735986
5062|59|2|0|1|0.0531|501.2511690416838
5142|17|2|0|1|0.3247|1632.3324017807338
5142|52|2|0|1|0.7263|3135.332574401962
5142|59|2|0|1|0.5946|1843.7097559267293
5377|40|2|0|1|1.6499|3945.45529063144
5380|40|2|0|1|1.28|4402.303140507163
5462|81|1|0|1|0.4257|1920.1941156752484
5498|15|2|0|1|1.1028|6550.177416307848
5498|23|2|0|1|0.91|3598.516358536375
5548|59|2|0|1|0.2809|1834.3317277040637
5638|59|1|0|1|0.49|740.0672478574842
5696|59|1|0|1|7.62|8831.210725536097
5760|40|2|0|1|1.1759|9173.406915673098
5844|26|2|0|1|1.81|11051.875659625213
5897|15|2|0|1|2.1251|13464.459945696704
6132|52|2|0|1|0.11|448.86083458159885
6307|17|1|0|1|1.176|4745.491942082494
6454|94|2|0|0|4.7932|22522.259033264076
6732|59|1|0|1|0.1649|551.8943984415016
6950|59|2|0|1|0.0304|527.2777367695605
7104|9|2|0|0|0.5047|3264.1515926927937
8269|32|2|0|1|1.54|13841.052860041342
8623|26|2|0|1|0.57|3140.468131603497
8690|43|2|0|0|0.5042|2949.356558363999
8954|32|2|0|1|0.76|4086.375169470404
8982|17|2|0|1|0.6629|3435.2494017431754
8986|59|2|0|1|0.3962|1697.2885183325543
9006|59|2|0|1|1.43|4296.430671105693
9086|26|2|0|1|0.78|7590.57731161389
9086|52|2|0|1|0.78|5251.401729643289
9158|9|2|0|0|2.06|7685.580715536118
9209|59|2|0|1|0.6762|2974.638602944506
9270|15|2|0|1|3.3018|18778.09016928274
9270|94|2|0|0|1.1171|7328.680515148149
9474|68|1|0|0|0.146|720.0882118288546
9594|59|1|0|1|0.1325|664.8152909951743
9609|17|1|0|1|0.8|3388.9483717563626
9613|55|2|0|1|2.36|12881.925071291073
9925|26|2|0|1|4.8852|21825.602103352736
9944|17|2|0|1|1.911|9834.711885596082
9944|32|2|0|1|0.9|4139.1401237816135
10091|87|1|0|0|0.5145|4036.1806882819014
10117|59|2|0|1|0.406|2652.42995013092
10133|17|2|0|1|0.9137|3263.1754560277072
10376|9|2|0|0|9.8|24610.165675289678
10376|59|2|0|1|10.31|34234.323256422475
10547|15|2|0|1|1.4118|4752.38308603521
10999|32|2|0|1|0.73|1730.9871622047087
11208|40|2|0|1|3.46|22536.742884738847
11220|15|2|0|1|1.81|12837.399950709145
11220|87|2|0|0|2.02|16729.359669970014
11395|17|1|0|1|5.2841|18580.018993253652
11395|59|1|0|1|4.567|12112.365422179042
11395|59|2|0|1|4.567|27056.96599079784
11536|32|2|0|1|1.26|7072.94907332728
11559|17|1|0|1|0.43|2200.476089386857
11587|9|2|0|0|7.9236|13991.451572924325
11587|59|2|0|1|3.0067|6664.335744037121
12086|87|1|0|0|3.1242|18916.072977765984
12136|59|2|0|1|0.0238|1110.7519503979531
12574|32|2|0|1|1.6552|10489.166415970953
12592|59|1|0|1|0.0833|324.3106289732655
12622|17|2|0|1|1.31|4582.513426780508
12869|87|2|0|0|3.9|16283.521838937286
12869|94|2|0|0|3.0351|9793.04563580161
12930|40|1|0|1|0.8749|2648.6710483012507
12970|17|1|0|1|0.5989|3696.902024627721
13040|9|2|0|0|2.96|18118.93423859505
13054|15|2|0|1|1.951|7678.868038902678
13054|59|2|0|1|0.7555666666666667|4600.396581313487
13054|81|2|0|1|1.3815|5412.949992223114
13154|15|2|0|1|2.67|13712.013196655304
13199|68|1|0|0|0.212|2105.5190321239243
13303|32|2|0|1|0.8186|5408.255237358115
13313|17|2|0|1|1.85|7907.232560932707
13313|32|2|0|1|4.5686|19466.983935604236
13333|94|2|0|0|1.4597|8669.767240989277
13439|32|2|0|1|1.3984|4008.1808855338854
13450|17|1|0|1|1.17|4512.112492577004
13488|15|1|0|1|0.163|581.6715293077243
13581|17|1|0|1|1.76|7543.467949442137
13708|52|2|0|1|1.13|6421.165527481414
13733|59|1|0|1|1.9584|4672.116217237454
13751|52|2|0|1|4.83|25792.200359497216
13822|59|2|0|1|0.42|2462.1796376591537
13847|87|1|0|0|0.9759|3213.1821966008947
13871|17|1|0|1|1.4984|3572.391211185387
13871|32|2|0|1|1.0534|8383.959554028559
13871|59|1|0|1|1.41|3652.117777391011
13871|68|1|0|0|0.7219|8555.665779501533
13981|68|1|0|0|4.51|13791.627350743249
14470|17|2|0|1|2.7919|16068.88555497427
14470|32|2|0|1|6.1315|54829.5603280856
14470|59|2|0|1|0.7824|5565.741387643149
14671|17|2|0|1|0.0342|937.6725553848016
14735|26|2|0|1|1.3853|5052.428685259163
14843|43|2|0|0|2.73|13812.40287219937
14843|62|2|0|0|9.6708|44513.03780079382
14843|87|2|0|0|10.7223|76062.86409561991
15071|81|2|0|1|1.61|7636.335650291716
15217|23|2|0|1|2.3316|8447.414374256103
15217|32|2|0|1|2.13|7165.993293012387
15217|87|2|0|0|3.4566|14365.807134606928
15228|81|2|0|1|0.7268|4674.651298146339
15328|59|2|0|1|0.3999|1685.4348954466714
15443|87|1|0|0|0.37|1964.7317296001197
15770|32|2|0|1|0.3742|2112.9965534887115
16282|59|2|0|1|0.7494|3425.0365505590203
16355|17|2|0|1|0.03|938.1137380612084
16488|32|2|0|1|2.7417|16881.61999521995
16613|94|2|0|0|2.71|8710.575480020367
16692|15|2|0|1|0.7038|2880.871023334813
16692|32|2|0|1|3.7134|8772.821826090472
16692|59|2|0|1|0.7555666666666667|2700.578512921529
16864|32|2|0|1|13.5944|68072.74453964515
16921|40|2|0|1|3.126|17544.50134645391
16975|23|2|0|1|2.27|8397.469294734967
17034|59|1|0|1|0.83|3683.070339487786
17043|23|2|0|1|2.709|9681.159507390103
17068|68|1|0|0|0.3|1926.1580814090235
17183|43|2|0|0|0.6839|3196.4718942705363
17321|9|1|0|0|0.6409|2510.1264540228954
17343|59|2|0|1|0.1866|1534.9645196767233
17378|17|1|0|1|0.15|319.17863785988123
17407|59|1|0|1|1.8279|9144.404759245435
17413|81|1|0|1|0.5671|1501.062555047731
17434|17|1|0|1|0.2711|461.4755701841246
17552|59|1|0|1|0.5619|2780.798097377513
17552|68|1|0|0|0.7814|2481.2213330975624
17818|17|1|0|1|0.2068|352.2461977746755
17977|92|1|0|0|1.3546|15313.58201992374
18082|32|2|0|1|2.6331|16211.153688656108
18094|59|2|0|1|0.1364|686.4817997783679
18103|59|2|0|1|2.2225|6404.983619531371
18139|52|2|0|1|1.5088|6901.359363651927
18158|81|1|0|1|1.85|6291.239661926704
18158|81|2|0|1|1.85|8116.568803116574
18318|81|2|0|1|0.8953|6958.327281760005
18372|32|2|0|1|0.706|9152.888587950647
18408|59|2|0|1|0.502|2125.5303070982477
18410|32|2|0|1|1.03|5151.535302845436
18438|59|2|0|1|4.3138|17683.481876402777
18515|32|2|0|1|0.0799|678.6548048082864
18581|59|2|0|1|0.2045|1239.6323317695642
18632|52|1|0|1|8.0|3318.3311716876847
18632|52|2|0|1|8.0|29544.287434707443
18976|32|2|0|1|2.08|13443.17420688638
19067|32|2|0|1|0.19|1350.4410961272729
19067|59|1|0|1|0.525|1445.7058208662409
19067|68|1|0|0|1.6312119999999997|7311.055971491751
19179|15|2|0|1|1.956|14951.349482076106
19272|81|1|1|1|1.88|3967.7410650574093
19515|32|2|0|1|5.0139|20595.670667076327
19679|15|2|0|1|3.14|15643.873186376584
19679|32|2|0|1|4.6865|27847.539548669225
19679|52|2|0|1|2.6172|15258.402424038723
19679|81|2|0|1|2.1638|15828.15571040463
19740|17|2|0|1|1.32|5563.810943225257
19740|32|2|0|1|0.39|2102.1489493398867
20041|40|2|0|1|2.919|25510.22956494751
20041|59|2|0|1|9.8532|47238.22175920073
20041|65|2|0|1|3.657|34090.00544372331
20082|15|2|0|1|1.47|6047.524915770665
20253|59|2|0|1|0.4484|2069.478136417611
20693|4|2|1|1|7.175|14266.188116538913
20693|15|2|1|1|5.75|24498.459209520046
20693|26|2|1|1|1.32|5853.283177783692
20693|52|2|1|1|3.23|8161.4534015373865
20881|17|1|0|1|0.7|2957.8014128580317
20934|59|1|0|1|2.79|3748.786789411888
20943|32|2|0|1|1.41|3704.8509666765585
21119|17|1|0|1|0.259|552.1386425429793
21119|59|1|0|1|0.2074|318.8626606665209
21215|17|1|0|1|0.2345|1010.8051985191992
21394|52|2|0|1|0.342|1955.5761922266645
21481|52|2|0|1|0.2451|986.2068293989504
21798|59|1|0|1|2.0239|5958.532355540819
21807|59|1|0|1|1.0247|4176.707511547149
22092|59|1|0|1|1.2258|4362.407387999712
22294|17|1|0|1|0.4757|2160.4697245802968
22630|59|1|0|1|0.8301|6022.68050939699
22639|40|2|0|1|0.2811|2036.0003046404465
22768|59|1|0|1|0.8675|2848.5359285848767
22879|17|1|0|1|1.65|10023.173973412495
22879|87|1|0|0|1.67|12057.022381124516
22976|32|2|0|1|1.8964|10845.332305446893
23093|40|2|0|1|2.8415|16777.66084181346
23093|52|1|0|1|1.1341|1725.4897038053707
23093|52|2|0|1|1.1341|4705.896447698489
23421|17|1|0|1|0.83|1926.3068102240566
23530|32|2|0|1|0.0219|979.7476006799062
23630|17|1|0|1|1.5357|5909.758386567401
23668|59|2|0|1|1.19|8817.973643437992
23812|59|2|0|1|0.3129|1967.9549210921477
23846|59|2|0|1|1.2593|6606.082139046421
23942|81|2|0|1|0.5728|4134.279102444799
23974|59|1|0|1|0.5851|3005.5269723397964
23983|32|2|0|1|1.01|2354.823082034744
24065|94|2|0|0|2.08|11244.904449823469
24195|87|1|0|0|0.675|4098.870754311253
24195|87|2|0|0|0.73|6068.642038931569
24382|59|2|0|1|0.783|3417.233008346326
24392|40|2|0|1|0.6393|4611.592702298666
24404|32|2|0|1|9.3728|28947.22177233975
24404|81|2|0|1|8.51|24178.829124168144
24945|32|2|0|1|0.6863|4148.852059324183
24951|17|1|0|1|0.9481|2374.3726811608713
25015|32|2|0|1|1.5964|11806.70352259679
25026|9|2|0|0|2.409|6906.079779729243
25104|23|2|0|1|2.2612|14435.50505519269
25104|52|2|0|1|3.6197|23178.536062980573
25104|59|2|0|1|3.4845|33873.19164029038
25377|59|1|0|1|2.5375|4080.678830454017
25422|59|1|0|1|1.8072|7511.275496224017
25422|68|1|0|0|1.2775|4089.198778463522
25627|26|2|0|1|0.6838|6734.288058401582
25671|9|2|0|0|3.2396|6971.34989028405
25671|15|2|0|1|2.8168|9302.498835939448
25816|81|1|0|1|1.37|5757.490851355523
25825|17|1|0|1|0.89|4361.119726666003
25885|52|2|0|1|0.06|384.2893205746907
25887|68|1|0|0|1.39|2585.8749968873526
26094|17|1|0|1|0.28|1781.8519690722364
26390|17|1|0|1|0.5|1168.4529077352358
26539|15|2|0|1|2.38|12933.298191069116
26725|68|1|0|0|0.15|1100.6198026688596
26725|87|1|0|0|0.66|1950.1472914247397
26730|17|1|0|1|0.64|846.5130732554383
26807|17|2|0|1|0.5169|2298.4022613234424
26831|40|2|0|1|0.1712|863.5970218244097
26954|59|1|0|1|1.56|5422.959817111568
26979|17|1|0|1|2.14|2627.2672312894006
26979|59|1|0|1|0.1756|4726.471542882114
27129|59|1|0|1|0.6496|4579.705229742691
27166|59|1|0|1|0.0817|366.9540756372961
27224|40|2|0|1|0.4102|3762.621941783494
27515|32|2|0|1|0.0143|1006.3617119566017
27546|32|2|0|1|0.6097|4532.893416700013
27629|32|2|0|1|2.7648|16123.658561863935
27761|59|1|0|1|0.975|5343.321022832129
27819|17|1|0|1|9.4593|37182.98698990949
27922|81|1|0|1|1.0517|3453.8026686577623
28134|59|1|0|1|1.8871|4578.475089977874
28137|59|2|0|1|0.7|3929.166264963932
28137|87|2|0|0|2.65|23315.669895887942
28156|59|1|0|1|1.63|6924.973722498134
28362|9|2|0|0|0.7653|3413.9720862688955
28410|17|2|0|1|5.1866|22881.854949046017
28477|32|2|0|1|0.62|4932.62401521609
28847|52|2|0|1|0.7292|4561.012022346467
28861|17|1|0|1|1.081|4842.652440417455
29262|23|2|0|1|1.4774|9053.289378784102
29262|59|2|0|1|4.08|25693.988988817506
29666|59|2|0|1|1.17|8192.729430298654
29831|59|1|0|1|0.472|1227.6533831461481
30114|59|2|0|1|1.51|6923.92606711284
30139|32|2|0|1|1.86|12073.942942744878
30409|15|2|0|1|0.372|1765.00235498281
30423|17|1|0|1|0.9478|4033.561349877619
30628|81|1|0|1|3.1766|5386.85792930135
30652|52|2|0|1|0.4784|2697.33651165525
30771|9|2|0|0|2.68|11858.931563208656
30936|59|1|0|1|0.4142|519.4257391380293
31012|68|1|0|0|3.22|7825.562622684675
31153|32|2|0|1|0.0995|2464.6294670934635
31551|59|1|0|1|0.95|4838.9883296476255
31565|68|1|0|0|2.99|8044.512032882751
31622|59|2|0|1|0.4247|2845.478615272938
31836|87|1|0|0|1.331|6607.795274355193
31836|87|2|0|0|1.331|7027.55592701886
31838|68|1|0|0|1.38|5138.02269805059
31890|68|1|0|0|1.0427|4503.837283197589
31899|17|1|0|1|1.34|5657.819340320505
32006|94|2|0|0|0.2295|1870.8106977928437
32060|17|1|0|1|6.8092|26889.998044825952
32060|81|1|0|1|4.8256|25772.587833822836
32437|59|2|0|1|0.7072|3093.7594720981947
32572|32|2|0|1|0.0318|937.1633224165587
32660|17|1|0|1|1.1505|2422.9226817615186
32681|68|1|0|0|0.5732|3422.8620395576477
32730|59|2|0|1|1.2399|8172.3973720291315
32795|26|2|0|1|2.6343|11781.437745834692
32795|32|2|0|1|5.12|37909.52152319833
32795|59|2|0|1|3.84|23412.2840401841
32896|94|2|0|0|1.5161|11872.050855968742
32986|17|1|0|1|0.2093|445.27004433167855
32997|32|2|0|1|3.4711|12211.18410633278
32997|40|2|0|1|2.63|8304.420174825547
33084|59|1|0|1|0.3748|761.3309517247638
33248|81|2|0|1|4.2851|40818.75286494094
33428|59|2|0|1|2.94|15019.418339253061
33453|32|2|0|1|1.32|8777.300208823275
33486|17|2|0|1|8.51|50288.59176226956
33486|55|2|0|1|4.2494|15056.555719699923
34190|68|1|0|0|3.7789|11457.695593728105
34244|32|2|0|1|5.19|9523.63805434483
34315|59|1|0|1|0.4126|2906.709715451321
34407|92|1|0|0|0.69|1192.5954297907795
34500|32|2|0|1|2.9517|6046.166079412851
34512|59|1|0|1|4.8541|21464.040639365718
34775|81|2|0|1|3.0631|14198.69077948809
34853|59|2|0|1|0.4378|2184.0456921108453
34922|9|2|0|0|1.3416|7620.954547323433
34977|4|2|1|1|1.23|4005.383036614377
35052|87|2|0|0|1.3029|11337.913561550518
35100|32|2|0|1|0.86|5361.308621426825
35271|40|2|0|1|5.8772|36073.751870645625
35284|59|1|0|1|0.8183|1979.9176755714
35287|87|2|0|0|7.593|46958.77342931948
35465|32|2|0|1|3.8165|17347.483801028102
35689|68|1|0|0|0.5907|2408.0956767043613
35719|40|2|0|1|0.8782|8683.267699502885
35819|52|2|0|1|0.4725|2295.406864887944
35888|59|1|0|1|1.0572|1534.6524220216274
36088|59|2|0|1|1.9915|6224.76796508328
36094|94|2|0|0|1.5479|5342.477846434471
36122|59|1|0|1|0.9166|7000.250914690999
36123|15|2|0|1|6.72|41502.7212300905
36258|17|1|0|1|1.97|6364.279514663611
36331|59|1|0|1|0.78|3863.282620996178
36468|15|2|0|1|1.9141|14312.44597134433
36535|17|1|0|1|1.6|2923.8963041233706
36535|59|1|0|1|1.6|1792.277674546363
36708|40|2|0|1|0.5462|2470.9187022532146
36918|17|1|0|1|2.0733|6789.4267724221845
37005|81|1|0|1|3.74|20919.305957478373
37371|32|2|0|1|1.1643|5565.17656242858
37461|52|2|0|1|3.68|25886.18226656371
37661|59|1|0|1|0.9008|7115.89144582236
37826|17|2|0|1|10.1482|77955.16492763258
37826|32|2|0|1|4.4695|18166.802331603794
38025|59|1|0|1|3.94|17355.464582567438
38272|17|1|0|1|1.4393|6113.6829994484015
38272|52|2|0|1|0.9413|4254.901627708228
38272|71|1|0|1|1.06|1849.9581387952119
38272|81|1|0|1|2.95|10176.050899074617
38272|87|1|0|0|1.63|3495.7775556739016
38443|17|1|0|1|1.1093|5342.666466620128
38454|32|2|0|1|1.0169|5207.540214828502
38481|81|1|0|1|1.1017|2712.310290097325
38512|17|2|0|1|4.99|21752.09686058393
38557|59|1|0|1|0.2297|773.3406771999505
38645|68|1|0|0|0.49|2096.6426086560805
38764|40|2|0|1|0.8051|3328.3630280930283
38795|40|2|0|1|2.18|10863.688215515549
39040|81|2|0|1|2.5438|20501.738011982317
39112|32|2|0|1|5.68|19850.5760858515
39261|87|1|0|0|1.08|5415.18760763847
39261|87|2|0|0|1.08|3127.9113782403992
39261|94|2|0|0|2.4291|9752.984689068056
39276|17|2|0|1|0.3938|2158.833924629187
39360|32|2|0|1|3.08|5450.218167587699
39495|17|1|0|1|3.76|9687.3060181625
39664|59|1|0|1|1.122|2097.388127263005
39664|59|2|0|1|1.122|4598.800285459063
39664|68|1|0|0|1.4329|4464.124454988338
39939|87|2|0|0|0.6882|8505.438361815726
39979|17|1|0|1|0.7419|3341.224597313003
40200|71|1|0|1|1.774|2771.6401550992086
40204|17|2|0|1|0.2543|1287.8466389100734
40352|32|2|0|1|0.35|2553.716459839861
40447|26|2|0|1|1.4783|8695.513469255082
41027|32|2|0|1|1.877|10070.37689135784
41398|17|2|0|1|0.9908|4793.851627603977
41607|59|1|0|1|1.6562|3806.866859677287
41607|81|1|0|1|0.46|1716.9197356650184
42164|17|2|0|1|0.6153|3439.757203320115
42384|59|1|0|1|0.1236|751.6904609832352
42448|9|2|0|0|1.0209|2783.719602508739
42483|32|2|0|1|0.2992|1953.846016930904
42520|32|2|0|1|0.0418|901.6803237253743
42577|9|2|0|0|1.2|4280.047598894022
42777|59|1|0|1|0.78|3696.860252908824
42787|40|2|0|1|0.9728|7408.790048059802
42915|40|1|0|1|0.2732|938.1965109001144
43077|9|2|0|0|0.5|1596.4180395406947
43129|59|1|0|1|0.6094|2013.7027827895902
43256|87|2|0|0|1.61|8328.06735666033
43705|17|2|0|1|4.2676|11378.932693236651
44150|9|2|0|0|4.314|26393.75081025181
44150|32|2|0|1|1.04|6886.542043063858
44150|59|1|0|1|1.45|15805.87687379278
44150|81|2|0|1|0.8948|4019.9696266403644
44150|87|1|0|0|0.1|830.9926699493972
44155|59|2|0|1|0.034|1085.7353298182998
44512|32|2|0|1|3.78|29690.900039245356
44625|17|2|0|1|1.29|5574.960706638093
44713|59|1|0|1|2.12|4978.323791104131
44837|68|1|0|0|0.4|2442.072431008288
45489|26|2|0|1|1.87|10265.874689481012
45489|32|2|0|1|6.8|55203.64238539841
45680|59|2|0|1|1.7696|15575.251878670584
45742|9|2|0|0|0.9776|3198.9303932436405
45773|32|2|0|1|5.22|38643.08163265264
45849|40|2|0|1|0.5089|2277.87264522562
46130|59|2|0|1|0.1257|656.9330032986948
46499|32|2|0|1|0.2835|1529.3235607061597
46712|59|2|0|1|0.2765|1887.5290844349834
47033|59|1|0|1|1.0523|4923.258262912637
47258|40|2|0|1|1.334|10252.542763580432
47298|59|1|0|1|0.17|318.09072805335273
47465|59|2|0|1|1.0211|4260.010842250396
47532|26|2|0|1|0.55|2419.9033563578782
47561|17|2|0|1|0.5797|3693.7816037834878
47829|17|1|0|1|1.31|2160.8916268054486
47829|17|2|0|1|1.31|6490.6406823396555
47829|92|1|0|0|1.3464|12505.87845095688
47874|17|1|0|1|1.1386|2811.5257785832746
47874|59|1|0|1|0.8385|2041.0626161149873
47921|32|2|0|1|7.3735|42780.695738797054
48223|17|2|0|1|1.464|6688.701211806359
48410|68|1|0|0|1.12|5087.830554314409
48410|68|2|0|0|1.12|4029.5442924023914
48410|81|1|0|1|1.2873|4542.086757990126
48410|81|2|0|1|1.2873|4952.4001671354745
48410|87|2|0|0|0.2441|1815.4839616753884
48438|17|1|0|1|0.4449|1816.2516056472266
48453|17|1|0|1|2.0878|7889.167960715714
48453|17|2|0|1|2.0878|4974.03747246821
48461|84|2|0|0|2.2005|14440.585403393225
48615|15|2|0|1|2.0116|13162.444513017572
48615|81|2|0|1|1.8099|16509.388430642102
48626|32|2|0|1|3.7503|21182.496137272366
48652|17|1|0|1|0.57|2126.3937228635273
48652|59|1|0|1|1.24|2518.164837150848
48720|59|2|0|1|0.2209|1423.7010197907668
48807|17|1|0|1|0.47|2407.606603413797
48816|15|2|0|1|2.11|14630.091938547863
48827|17|1|0|1|5.24|7471.669169047119
48827|17|2|0|1|5.24|25081.840898556333
48827|40|2|0|1|8.41|37492.55455951173
48827|59|1|0|1|8.1338|9828.345164029754
48827|59|2|0|1|8.1338|15046.578695584223
48849|59|2|0|1|2.03|10223.654622466818
48877|32|2|0|1|13.18|93549.92213395808
48877|52|2|0|1|7.21|33077.67906453314
48877|59|2|0|1|7.17|45827.684163532744
48877|81|2|0|1|7.99|70029.75521693351
48890|48|2|0|0|4.9765|10119.685140896212
49034|59|1|0|1|1.1009|2220.129365216039
49130|17|1|0|1|2.7138|7472.54363784123
49305|9|2|0|0|3.1844|10642.488077457509
49345|40|2|0|1|1.83|3657.7663868749305
49345|59|2|0|1|0.82|1868.679519504034
49541|68|1|0|0|3.0|11702.540256332757
49541|87|2|0|0|2.78|22039.2979235685
49541|94|2|0|0|1.88|8657.410846468221
49636|9|2|0|0|2.8601|7493.610137834498
49636|17|2|0|1|12.2474|62894.35010296748
49636|26|2|0|1|3.0178|11094.548359795215
49636|52|2|0|1|6.9004|31306.930789225935
49636|59|2|0|1|20.8122|77866.9986265636
49636|81|2|0|1|0.44|3644.188439487619
49672|32|2|0|1|1.1995|5168.24599751884
49929|59|1|0|1|0.17|1307.6071587932095
50093|17|1|0|1|1.0286|5300.165486748454
50343|87|1|0|0|3.4319|13636.167343306328
50386|40|2|0|1|0.4262|2993.8627595793823
50441|59|1|0|1|1.01|4211.702389634569
50486|59|2|0|1|2.4|12605.303407551502
50528|4|2|1|1|21.598|47093.27723295891
50528|52|2|1|1|2.85|6641.1162725944505
50647|40|2|0|1|0.5223|1948.5240881089424
50909|9|2|0|0|2.0004|11265.204364475803
51031|8|2|0|0|2.09|5567.541728339046
51311|59|1|0|1|0.3799|935.6212406339768
51387|23|2|0|1|0.4422|1980.1957137234185
51766|52|1|0|1|0.6861|2935.449799816514
51822|17|1|0|1|12.41|45068.99432366764
51852|17|2|0|1|2.55|9582.044251137397
52008|8|2|0|0|6.9|43758.303461294
52069|40|2|0|1|2.405|16270.181969360758
52160|94|2|0|0|4.25|17460.763492835853
52182|17|1|0|1|1.1038|2449.6130507390912
52311|87|2|0|0|0.2315|1302.7390748186249
52363|59|1|0|1|0.7608|4268.0618783970585
52441|17|2|0|1|0.271|1324.6280893919293
52475|59|1|0|1|1.7105|3803.394410633457
52835|59|2|0|1|0.7394|3068.3189383439108
52973|43|2|0|0|1.362485|8678.988428834
53020|15|2|0|1|0.2942|1733.4000814738615
53135|40|2|0|1|0.2821|1210.6757749778371
53137|4|2|1|1|6.88|15896.058111843842
53137|26|2|1|1|5.0644|13748.388363184782
53298|59|2|0|1|2.2158|8761.41727478833
53833|68|1|0|0|0.85|4918.281804956083
53891|32|2|0|1|1.4798|6172.999406721116
53975|17|2|0|1|2.34|15218.664096212065
53975|32|2|0|1|0.3076|1751.915886786164
54183|87|1|0|0|1.26|3584.3529192534575
54397|87|1|0|0|0.1|624.6037417538716
54915|15|2|0|1|2.06|14148.27893412322
54960|68|1|0|0|1.57|6045.40782075574
55225|32|2|0|1|2.3661|5163.340527329836
55261|32|2|0|1|3.2715|7256.695916017794
55281|26|2|0|1|0.31|2135.770321638977
55370|17|1|0|1|0.843|1583.2027377986387
55497|59|1|0|1|6.7226|8153.161306458969
55518|40|2|0|1|1.2247|4388.978658454995
55611|81|1|0|1|0.89|7184.356086024494
55618|32|2|0|1|0.4105|3123.2509617410137
55644|52|2|0|1|0.9483|6607.597233341819
55693|52|2|0|1|0.4136|2425.4300050613883
55823|59|1|0|1|0.8921|3777.0408165447143
56446|17|1|0|1|0.5939|2163.3179232098087
56834|32|2|0|1|2.1421|12144.12201922307
56863|17|2|0|1|1.5098|7300.134133228865
56971|32|2|0|1|4.7086|29603.4221581359
57052|17|1|0|1|1.83|4602.914928345978
57052|59|1|0|1|5.8907|9508.962417475896
57052|87|1|0|0|3.1|8393.089084582758
57191|32|1|0|1|3.7255|7864.28497402846
57191|32|2|0|1|3.7255|29187.827729532135
57203|59|1|0|1|0.3092|948.000266142629
57254|32|2|0|1|1.4107|10940.391852642744
57254|59|2|0|1|1.1054|5121.394624445871
57397|59|2|0|1|1.0026|4333.599893575637
57440|32|2|0|1|3.72|6939.580525991027
57450|17|1|0|1|0.41|2103.9727833513252
58150|52|2|0|1|1.6289|8086.613706329579
58378|81|1|0|1|0.7262|4463.612206111102
58478|17|2|0|1|0.1844|1999.273062415435
58567|17|2|0|1|2.6214|11879.221664508168
58595|81|2|0|1|2.285|16132.311191528657
58685|52|2|0|1|0.265|1698.946536192518
58769|32|2|0|1|4.25|36450.443383170685
58769|59|2|0|1|4.07|38028.76781841296
58948|17|1|0|1|0.42|1120.7031030291596
59027|15|2|0|1|0.4526|2281.5815189998348
59124|15|2|0|1|0.2991|1677.614105092478
59146|59|2|0|1|1.7|9613.26045786092
59317|15|2|0|1|0.8451|3138.580030521722
59317|59|2|0|1|0.7555666666666667|2696.158141892958
59397|40|2|0|1|2.7|21439.955710853028
59397|59|2|0|1|2.7857|17470.399299651297
59516|59|1|0|1|0.5501|3590.6418615098937
59516|65|1|0|1|1.1399|4924.017632124659
59544|59|2|0|1|2.52|14152.06476395079
59598|32|1|0|1|0.079|626.5063772734243
59612|81|2|0|1|1.1326|7295.1897793500475
59757|9|2|0|0|0.417|2011.8928943602084
59892|9|2|0|0|3.5355|9837.558453229149
59892|17|2|0|1|7.6771|44548.29089407348
59939|9|2|0|0|2.54|7657.151808313949
59939|17|1|0|1|10.86|33164.23940648866
59939|17|2|0|1|10.86|31226.255993610852
59939|52|2|0|1|3.5271|16436.210193514868
60279|87|1|0|0|1.12|5567.005330367691
60279|87|2|0|0|1.12|5081.486461234075
60635|17|1|0|1|2.4754|15075.316695895688
60667|40|2|0|1|0.6019|2802.367911144614
60871|40|2|0|1|3.9349|12460.525677142961
60871|59|2|0|1|4.61|16432.24883083372
60871|81|1|0|1|6.09|12184.192820663071
60871|81|2|0|1|6.09|23388.079777895888
61062|9|2|0|0|2.32|7320.8430865124865
61062|84|2|0|0|0.9|8442.370135755582
61062|94|2|0|0|2.0|9382.072690137386
61076|23|2|0|1|0.8655|3627.821017382845
61161|59|1|0|1|1.58|6701.001027346529
61177|17|2|0|1|7.039|32540.06314067987
61177|26|2|0|1|2.2924|15292.43787038857
61177|32|2|0|1|5.1465|34338.56904725203
61177|52|2|0|1|7.9425|31209.030040741498
61370|15|2|0|1|0.9986|3713.5754999383093
61431|40|2|0|1|1.2584|4779.641198437784
61478|32|2|0|1|2.49|4582.236300633268
61497|15|2|0|1|1.8309|7344.306204928729
61845|59|1|0|1|0.48|1887.8997134037197
61928|81|1|0|1|2.45|8972.116772725898
62259|94|2|0|0|0.399|2072.052660284269
62440|15|2|0|1|0.2342|1596.5865125658338
62521|59|1|0|1|0.0398|263.8693754226195
62521|87|2|0|0|0.0243|360.0096635595597
62580|59|1|0|1|0.56|1115.679880188551
62606|26|2|0|1|0.49|2883.221618868076
62629|23|2|0|1|1.76|7248.165867279141
62629|81|1|0|1|5.0857|14828.691878212256
62869|59|1|0|1|0.405|1699.2414033999883
62977|26|2|0|1|1.8474|8501.00778334858
62977|52|2|0|1|4.8447|19177.81538364447
62977|87|2|0|0|0.3939|4864.971925652124
63133|59|1|0|1|1.7|3133.2190497571864
63133|68|1|0|0|1.48|5552.197554930374
63133|68|2|0|0|0.13|1153.658840379393
63133|81|1|0|1|0.2245|1634.6845091984815
63133|81|2|0|1|0.2245|1415.443859201851
63133|87|2|0|0|0.1229|1235.030673321666
63181|17|1|0|1|2.68|12964.627949530615
63181|68|1|0|0|1.1|5918.507503434837
63209|17|1|0|1|0.6366|1138.7656560276928
63209|17|2|0|1|0.6366|3930.616277438688
63312|15|2|0|1|2.1223|16304.353175294511
63365|59|1|0|1|4.41|12799.005496826483
63510|59|1|0|1|0.1373|372.2725866148044
63812|40|1|0|1|1.0513|2869.621810110574
63812|40|2|0|1|2.32|9276.220314517108
63987|68|1|0|0|0.5128|3783.5042188887583
64042|59|1|0|1|4.03|21514.839582079905
64329|59|2|0|1|0.8939|7836.930836026668
64499|32|2|0|1|1.3996|9942.533087231128
64722|81|1|0|1|0.63|3019.1258515554377
64738|52|1|0|1|0.44|3483.3568544898653
64738|52|2|0|1|0.44|3830.5636126246577
64845|59|1|0|1|0.81|2175.41358402296
64845|59|2|0|1|0.81|3220.938423317677
64919|59|2|0|1|1.4|8847.37009245486
65256|87|2|0|0|0.8094|7075.430362665916
65375|32|2|0|1|2.1694|12476.9829924759
65838|59|1|0|1|1.3993|3594.284123830125
65838|59|2|0|1|1.3993|4526.117549971782
65920|81|1|0|1|0.17|1665.0777049565024
65935|9|2|0|0|0.57|1858.3160803531787
65991|15|2|0|1|1.935|15134.635361916186
66010|59|2|0|1|0.7254|3992.448541314105
66052|81|2|0|1|1.74|10611.80537884764
66350|9|2|0|0|1.95|7970.280047665049
66350|32|2|0|1|3.131|17812.179671397662
66350|59|2|0|1|3.1037|19527.697479292514
66451|59|1|0|1|4.6496|10342.006008734663
66472|17|1|0|1|0.4659|2033.0970298223476
66708|40|2|0|1|0.6647|4271.825425935824
66871|68|1|0|0|0.959|2892.295878516526
66914|15|2|0|1|1.156|7183.765098718655
67061|40|2|0|1|0.2568|1332.4257997050954
67186|32|2|0|1|3.2218|15509.443016254714
67292|43|2|0|0|0.57|2759.0650327789876
67512|9|2|0|0|0.82|3801.7330028580595
67670|17|2|0|1|0.6158|3270.7382173116907
67739|9|2|0|0|4.9882|17128.515078682558
67743|59|1|0|1|0.904|3786.7539860088996
67767|52|2|0|1|0.2785|2470.36130272659
67872|15|2|0|1|4.43|17150.749302069573
67923|23|2|0|1|3.2408|18942.001586573184
67974|40|2|0|1|1.64|10712.99912481116
68049|87|2|0|0|0.46|2601.2441597280595
68089|26|2|0|1|2.4|14919.583115573834
68089|52|2|0|1|9.35|43529.978100846005
68089|59|2|0|1|9.54|59641.83377042995
68145|4|2|1|1|5.18|12553.948047024754
68145|15|2|1|1|0.8455|3910.1049304988983
68145|26|2|1|1|1.7034|4756.278692694496
68145|52|2|1|1|1.95|4935.279553351847
68145|59|2|1|1|2.86|7148.821619037052
68718|52|2|0|1|2.11|8432.699653470767
68761|32|2|0|1|1.2254|6590.937012109727
68807|17|1|0|1|0.5972|2088.282867870465
68850|59|1|0|1|2.08|10657.62515295274
68936|40|2|0|1|3.2633|13431.008064978741
68971|43|2|0|0|3.8101|8414.644690579615
68971|68|1|0|0|2.0857|4006.965463281713
69003|59|1|0|1|3.561|18500.454347936764
69033|40|2|0|1|0.4186|2962.9271788727388
69138|17|1|0|1|2.5|12380.745368638407
69205|32|2|0|1|4.0997|16207.298173736139
69387|87|1|0|0|0.5469|4051.1939944919636
69470|40|2|0|1|0.7886|6403.6898134774
69552|59|1|0|1|2.51|4866.578121676255
69552|59|2|0|1|2.51|5653.683820667048
69552|65|2|0|1|1.02|6833.802990602318
69576|23|2|0|1|0.9315|4077.9937596700547
69730|52|1|0|1|4.2266|3565.8228186001543
69730|52|2|0|1|4.2266|12336.717049959974
69901|81|2|0|1|0.5058|2793.395869503168
69939|40|2|0|1|0.3211|2636.331230731787
70039|59|2|0|1|7.737|40029.75241780519
70101|59|2|0|1|0.4804|2226.776564340841
70111|9|2|0|0|1.67|4754.639742956601
70112|17|1|0|1|0.62|1291.514813120511
70172|40|2|0|1|1.9222|11148.082454279895
70224|17|2|0|1|0.0869|931.1764565716761
70378|9|2|0|0|2.45|3403.07302735274
70407|17|1|0|1|0.9209|4574.929709156548
70407|87|1|0|0|1.01|3961.5221934976494
70449|59|1|0|1|2.9|7996.317714765772
70520|9|2|0|0|0.0346|395.4733815525246
70598|59|1|0|1|0.8341|3266.4668631773893
70598|92|1|0|0|2.2117|7573.706167372715
70604|81|2|0|1|1.2361|8103.057759230081
70620|59|1|0|1|0.85|1357.531196189912
70658|40|2|0|1|0.2509|1644.961464320319
70721|15|2|0|1|2.5909|16776.94526682178
70754|59|2|0|1|2.8132|15513.303210707732
71061|32|2|0|1|2.2081|4400.385890756097
71260|26|2|0|1|1.1584|4133.826375757136
71300|26|2|0|1|2.12|13879.261386915796
71300|68|1|0|0|1.9039|7618.590913439173
71300|84|1|0|0|1.9039|8275.448798399173
71520|9|2|0|0|0.2912|1800.4940437372463
71533|59|2|0|1|1.2264|6738.033806193002
71764|17|2|0|1|0.91|17011.906685912963
71764|23|2|0|1|0.0622|537.7450792174685
71764|32|2|0|1|2.81|13317.943848644725
71764|87|2|0|0|1.68|15432.593397190625
71764|94|2|0|0|6.096|16503.162579906853
71788|59|2|0|1|0.2962|1926.3228889047516
71833|94|2|0|0|1.0259|3696.8314699777216
71993|81|2|0|1|1.2817|15084.246752701154
72027|4|2|1|1|2.76|6870.681958044261
72124|32|2|0|1|0.9395|7299.656370540106
72130|81|2|0|1|4.3341|20183.195420085907
72175|59|1|0|1|0.43|2077.0364362886694
72252|17|1|0|1|0.42|550.4233748760734
72315|59|1|0|1|0.0965|242.78427897981683
72387|59|2|0|1|0.3881|2297.8380607568715
72495|17|2|0|1|3.29|18516.85259636886
72495|40|2|0|1|2.86|20210.431135241317
72583|59|1|0|1|0.8782|4365.89148053785
72803|26|2|0|1|3.38|35566.63218012618
72803|40|2|0|1|1.3463|11405.265905725466
72803|59|2|0|1|2.5891|20472.37054727639
72803|94|2|0|0|0.7963|4718.119345615237
73332|32|2|0|1|0.6041|2742.611863491876
73443|17|1|0|1|0.6416|2563.6166491274607
73443|17|2|0|1|0.6416|4228.822331813844
73540|59|2|0|1|0.3201|1939.155605816131
73580|59|1|0|1|0.6303|1400.567745854767
73893|40|2|0|1|1.1582|4379.414028210104
74003|59|2|0|1|2.9465|12379.320541783121
74004|52|2|0|1|0.3834|4493.500558977894
74410|32|2|0|1|3.7392|17003.641894770586
74427|17|2|0|1|1.57|8380.284090309122
74473|59|2|0|1|1.7953|7548.311834320473
74722|59|1|0|1|0.6768|3037.6144114921135
74812|17|1|0|1|0.28704|628.6032584495326
74974|15|1|0|1|0.2961|797.6993261081371
75037|15|2|0|1|0.5665|2441.04403673361
75065|59|1|0|1|1.66|2171.464994481065
75075|17|2|0|1|0.74|3696.885803909858
75171|17|2|0|1|1.73|8932.276127096244
75379|40|2|0|1|0.42977|1216.7035934961766
75402|59|1|0|1|0.39|1590.5789353219516
75428|59|2|0|1|0.3355|1636.2558283993094
75464|81|1|0|1|1.2212|3197.964064296658
75702|17|1|0|1|3.5176|8882.300054327363
75832|87|2|0|0|0.121|803.348952295948
76117|87|1|0|0|1.08|4360.202757206874
76134|26|2|0|1|1.2068|6994.397403981752
76361|59|2|0|1|0.4463|2745.0480692709257
76459|15|2|0|1|2.3918|15408.666789525092
76459|17|1|0|1|0.9737|5867.108729507543
76459|26|2|0|1|7.5446|72062.41520003286
76459|52|2|0|1|8.5245|65748.5474452755
76476|17|1|0|1|0.7054|2905.862483736842
76588|32|2|0|1|6.8286|22973.97752815364
76588|59|2|0|1|1.3303|11042.896639128856
76698|17|1|0|1|0.5188|1723.3983790062762
76949|32|2|0|1|0.4293|2418.0212093704954
76977|81|2|0|1|0.9352|6436.504398631896
77069|59|1|0|1|2.3254|3517.171298215325
77330|81|2|0|1|1.76|12592.749456402682
77440|59|1|0|1|0.47|2490.6187637144917
77527|52|2|0|1|1.12|6624.374266994101
77614|59|2|0|1|0.4619|1558.3006274317834
77616|17|1|0|1|0.6166|1417.3960326206816
77661|32|2|0|1|1.289|4641.352400649735
77844|59|2|0|1|1.0818|4229.9788368453965
77867|81|2|0|1|1.03|4056.7374594826183
77867|87|2|0|0|3.22|16144.24002020272
77964|87|1|0|0|0.3064|1600.0477324232766
77984|15|2|0|1|0.6446|2721.622610720079
77984|59|2|0|1|0.7555666666666667|2665.145321974031
77984|81|2|0|1|1.5893|4153.921527761156
78210|59|2|0|1|5.6249|16932.838540140536
78229|68|1|0|0|1.162|6456.8114265523445
78273|94|2|0|0|1.7842|10687.884195720337
78281|94|2|0|0|3.82|28866.584753447598
78460|81|2|0|1|4.536|35643.14681630058
78565|8|2|0|0|1.057|3193.427379438416
78846|15|2|0|1|0.6955|2880.871023334813
78846|59|2|0|1|0.7555666666666667|2902.192926478761
78863|17|2|0|1|2.0094|7443.241457063979
79247|32|2|0|1|3.4083|27842.43412223203
79247|59|2|0|1|1.4779|11927.439970837655
79253|17|1|0|1|0.0282|213.21763103772912
79550|15|2|0|1|2.5369|13637.576891528746
79653|59|1|0|1|3.1556|12244.127332841568
79722|52|2|0|1|0.3581|1802.188394242038
79796|94|2|0|0|2.9977|17967.20601394009
79903|23|2|0|1|1.016|3616.9169487132617
80170|32|2|0|1|2.1631|6980.260158170255
80170|59|2|0|1|1.8688|7247.774089288504
80461|59|1|0|1|0.4008|1202.6580531954664
80479|52|2|0|1|5.64|17892.331963598575
80506|40|2|0|1|1.7935|8092.755194125303
80600|52|1|0|1|0.8949|2161.7468638421055
80627|8|2|0|0|3.0|21625.356106554955
80627|9|2|0|0|11.16|49443.45710640141
80627|43|2|0|0|4.24|19200.228118109604
80627|62|2|0|0|1.8|7837.024873328577
80886|17|2|0|1|0.19|1504.5598971661177
80942|17|2|0|1|3.9164|18652.08185609614
81034|17|1|0|1|3.07|8267.569273452518
81034|68|1|0|0|4.8904|10018.4600804028
81034|92|1|0|0|3.51|5853.898822699682
81093|17|1|0|1|0.7|2617.1411472272957
81554|32|2|0|1|0.4686|3515.9788659100705
81717|17|1|0|1|0.2624|1157.0484192209717
82023|43|2|0|0|6.5144|21202.94422811007
82727|17|1|0|1|0.9814|3379.819088183997
82928|15|2|0|1|3.785|19495.39735044152
82939|68|1|0|0|0.76|2992.966569624206
83256|59|2|0|1|2.2643|8057.469871947211
83458|10|2|0|1|1.8125|11612.102116527625
83458|26|2|0|1|1.0167|9041.754865003466
83472|17|1|0|1|7.42|34499.23552073413
83472|59|1|0|1|16.46|51078.29587041997
83472|81|1|0|1|8.0|12451.298625745669
84051|15|2|0|1|4.1|20910.71708758157
84051|23|2|0|1|3.8|35028.924227783624
84051|59|2|0|1|3.0|13904.819214760157
84174|15|2|0|1|2.74|9605.20700823351
84174|32|2|0|1|2.628|9786.519780003027
84174|40|2|0|1|3.06|11148.422888970674
84183|59|2|0|1|0.6629|3396.0979395293184
84287|59|1|0|1|0.3975|1191.9213632825622
84380|17|1|0|1|0.1183|333.17895022328213
84413|94|2|0|0|1.3638|8984.515787273442
84482|81|1|0|1|4.9577|20382.59339098825
84518|32|2|0|1|0.36|2813.8831272559073
84613|59|1|0|1|5.5066|19656.1943389491
84613|81|1|0|1|1.1581|6244.564145361855
84689|92|1|0|0|1.1398|2432.5529052147117
84804|17|2|0|1|1.66|6661.898840710609
84804|32|2|0|1|17.1833|90393.19713385665
84904|32|2|0|1|1.021|5493.681580007538
84948|68|1|0|0|2.3375|5883.02265493382
85001|15|2|0|1|0.7811|4291.69121344116
85201|17|1|0|1|0.1584|413.3936146962889
85203|59|2|0|1|0.8159|2515.905370751434
85407|59|1|0|1|0.5971|2045.545760261217
85414|59|2|0|1|2.55|13008.55780191461
85515|15|2|0|1|1.8689|11917.681914783465
85546|23|2|0|1|7.1294|17873.154419512353
85548|26|2|0|1|3.6318|23046.011601013197
85548|32|2|0|1|1.61|10562.651630285558
85548|40|2|0|1|1.03|4911.291577197765
85756|59|1|0|1|3.3923|5581.1104282264105
85840|81|1|0|1|1.4|6708.3438852204445
85840|87|2|0|0|1.85|19464.54237662019
85855|59|2|0|1|0.9497|3857.5990555843114
85924|52|2|0|1|0.42|2443.5073859162917
85950|9|2|0|0|2.17|8093.009851793132
85950|94|2|0|0|0.66|1980.8635374389073
85952|87|2|0|0|0.5336|2580.584586477569
85984|32|2|0|1|4.37|24548.86767919705
85984|59|2|0|1|4.6|26476.43127099563
86182|84|2|0|0|0.1759|1328.7278175868669
86229|59|2|0|1|0.1187|834.6123963131029
86237|17|1|0|1|0.1655|419.1703276101861
86267|52|2|0|1|0.44|1509.1595914682034
86271|40|2|0|1|0.6|1987.602870318776
86271|59|1|0|1|1.001|4423.142569553981
86271|59|2|0|1|1.001|2612.088962888866
86271|87|2|0|0|1.4113|12907.044620947483
86542|59|1|0|1|0.61|3090.3058528809456
86582|17|1|0|1|3.8066364341085257|37534.70508487739
86582|59|1|0|1|6.418055555555556|6627.74208455456
86743|26|2|0|1|1.77|9417.285134950182
86749|52|2|0|1|1.55|7007.92676057492
86767|94|2|0|0|0.6348|5357.126061682718
86901|52|2|0|1|1.27|5601.198750655585
86916|40|2|0|1|4.6468|36629.00546101367
87125|17|2|0|1|0.43|1973.647684834042
87125|32|2|0|1|0.244|1374.8531761802144
87201|59|1|0|1|0.416|4029.743088675554
87207|59|2|0|1|0.33|1552.177076361527
87293|32|2|0|1|2.7309|22975.195655622225
87293|59|2|0|1|1.2014|12488.805428329877
87434|15|2|0|1|2.43|13044.78661785241
87539|59|2|0|1|0.322|1775.282644699983
87552|9|2|0|0|0.77|2508.071314895216
87664|59|1|0|1|2.09|2752.368004073175
87873|32|2|0|1|1.3747|8737.985337682545
87873|59|1|0|1|5.9563|14568.869065787694
87873|59|2|0|1|5.9563|17202.34325535486
87878|15|2|0|1|6.9837|31646.69214780283
88023|9|2|0|0|0.2624|1653.6784249531395
88040|17|1|0|1|3.2779|11212.669871779153
88040|92|1|0|0|0.5|2855.229852373846
88205|87|1|0|0|0.5341|2761.5985747615364
88517|87|1|0|0|0.941|6897.193235464043
88525|23|2|0|1|2.06|7590.791977990555
88691|17|2|0|1|2.453|12183.249837581048
88841|52|1|0|1|0.8096|3252.108355302041
88928|40|2|0|1|4.5727|44105.07434188928
88928|52|2|0|1|1.6099|13280.346041659202
89417|23|2|0|1|2.9756|18378.749431517313
89417|32|2|0|1|1.3|9853.47199871389
89417|59|2|0|1|3.96|32768.76003455082
89430|15|2|0|1|0.78|3231.7006916845235
89440|26|2|0|1|4.5|24812.592135391063
89440|40|2|0|1|2.16|14467.086638382792
89602|32|2|0|1|4.3488|14053.768004149246
89768|52|2|0|1|2.5313|5764.436693754287
89835|17|1|0|1|0.193|349.6025661468755
89842|17|1|0|1|0.2143|1181.078769127676
90076|15|2|0|1|0.189|1916.0323467275928
90202|9|2|0|0|1.9441|5651.693732167522
90227|17|1|0|1|1.66|2197.7452725752723
90537|59|2|0|1|0.469|2848.6794991677916
90597|59|1|0|1|1.93|7015.600123437076
90901|59|2|0|1|7.236|30168.86523446916
90980|9|2|0|0|0.6787|2404.139419847989
91094|59|1|0|1|0.93|7022.8801983588355
91148|23|2|0|1|2.4211|14747.221903056672
91148|32|2|0|1|1.58|10191.017675441679
91178|59|1|0|1|0.279|1765.6413799523834
91179|9|2|0|0|2.0044|6576.540907129903
91179|17|2|0|1|1.1188|6584.230143096696
91249|40|2|0|1|1.42|9568.27692247323
91435|59|1|0|1|0.0908|339.9319446656177
91517|59|2|0|1|0.1383|699.9305420203643
91543|40|2|0|1|0.2663|1371.2880560464084
91752|32|2|0|1|1.0168|5107.353243512846
91794|23|2|0|1|0.7848|3538.9004753326476
91845|38|2|0|0|0.69|6853.213493639131
91975|15|2|0|1|0.2627|1492.7605924685847
92013|87|2|0|0|5.1275|12417.488245800363
92023|8|2|0|0|2.3639|8897.145427234344
92027|59|1|0|1|0.43|3009.1440667968145
92099|40|2|0|1|0.8439|2868.747128637995
92218|68|1|0|0|1.6952|5067.124974171225
92218|94|2|0|0|2.11|6657.006164340469
92490|32|2|0|1|0.9995|6007.480595448334
92531|59|1|0|1|0.82|2384.156520179509
92531|59|2|0|1|0.82|3821.7720417732025
92556|15|2|0|1|1.689|11742.76104648663
92556|32|2|0|1|1.2623|9064.659805909261
92583|17|1|0|1|1.56|2995.0435954578497
92583|43|2|0|0|2.287|13952.08516727807
92583|68|1|0|0|1.8|5059.11348950392
92583|84|2|0|0|1.28|5251.791207380272
92583|87|1|0|0|2.0|5020.269151583306
92853|17|1|0|1|0.5109|837.6757523516166
92933|17|1|0|1|0.2033|1047.1309861003501
93168|59|1|0|1|1.23|5299.3419136930015
93182|40|2|0|1|0.7699|3947.9671692512507
93228|17|1|0|1|0.4673|2591.298541639106
93417|59|2|0|1|1.4687|10339.128157560579
93435|17|1|0|1|2.13|8356.519720802975
93435|26|2|0|1|0.88|4341.346987347915
93498|59|1|0|1|5.0336|35860.89308011681
93510|92|1|0|0|0.08|316.4878532899578
93538|17|1|0|1|3.95|7999.155673329077
93538|59|1|0|1|3.2279|6259.031932826959
93922|59|2|0|1|3.1367|22980.77454738692
93922|87|2|0|0|4.914|51530.93245158531
93970|59|2|0|1|1.1155|4338.962034616777
94033|52|2|0|1|2.0521|10452.764717762568
94181|81|2|0|1|2.7883|15721.895935401308
94181|84|2|0|0|0.5585|4053.8012139083908
94553|32|2|0|1|3.4|23169.868283058404
94553|59|2|0|1|3.256|21627.172395601698
94554|94|2|0|0|2.340479|15566.143918110018
94589|59|2|0|1|0.2133|1137.945412122773
94886|32|2|0|1|3.5729|29104.089891282034
94968|32|2|0|1|2.14|12446.57718097938
95008|17|1|0|1|0.5394|3802.4944049964356
95011|15|2|0|1|0.1441|1165.3749690479444
95018|59|2|0|1|0.4685|1576.1721473546552
95287|40|2|0|1|1.7539|12845.232517746426
95311|15|2|0|1|0.79|3331.5153834557577
95319|32|2|0|1|0.9969|7602.126635867657
95372|52|1|0|1|1.1195|5036.659886021637
95396|68|1|0|0|1.45|4963.666180780045
95476|17|2|0|1|4.07|22731.873225435596
95476|59|2|0|1|2.0438|10074.309956635487
95476|68|1|0|0|2.71|6222.809344021259
95476|81|2|0|1|1.9108|16273.300901791747
95601|87|1|0|0|1.19|3646.814200768103
95661|59|1|0|1|0.61|2397.3781842623357
95678|17|1|0|1|9.52|65037.79868887663
95678|52|2|0|1|4.02|49545.24643870513
95678|59|1|0|1|20.82|54201.698762391046
95678|94|2|0|0|9.7353|52682.06381362745
95961|17|1|0|1|0.4055|1952.8511294524676
95974|81|2|0|1|0.3746|2242.1497914172323
96004|17|1|0|1|0.8502|1325.4915159934985
96038|17|1|0|1|0.31|1846.0022069731278
96379|87|1|0|0|0.6912|4198.46298653837
96414|17|1|0|1|0.3349|1835.2695739727558
96832|59|2|0|1|0.4201|2253.2921854372926
96847|17|1|0|1|2.06|2007.7270710895302
96975|23|2|0|1|2.022|10412.920204436745
97172|59|2|0|1|2.6984|8260.294702972093
97437|38|2|0|0|3.53|19249.286762278203
97437|59|1|0|1|0.7793|5081.39825844422
97574|59|2|0|1|2.72|9459.37705329235
97661|68|1|0|0|3.52|6718.494155349369
97695|52|1|0|1|0.4164|2288.974468787533
97861|59|1|0|1|1.75|3414.486328885368
97942|68|1|0|0|2.58|4026.9988820594795
97942|81|1|0|1|0.1925|1025.1336034649853
97945|59|1|0|1|0.406|2215.60620348183
98118|17|2|0|1|0.83|3338.199382646009
98118|52|2|0|1|2.18|9190.709331436326
98118|59|2|0|1|0.88|2916.5420466299056
98140|26|2|0|1|3.56095|23707.82840332396
98140|59|2|0|1|4.59|22592.279387909515
98248|87|1|0|0|0.5191|3361.150960248489
98265|32|2|0|1|1.41|9630.739436956334
98346|40|2|0|1|0.649|3920.493370427417
98490|59|1|0|1|0.41|3237.470143468727
98571|17|1|0|1|0.2463|533.3190855257072
98646|9|2|0|0|3.23|11716.914794571632
98747|9|2|0|0|3.32|12867.687338765647
98747|59|2|0|1|2.1089|10017.536138221205
98814|32|2|0|1|3.3267|18046.941331974806
98814|40|2|0|1|2.7724|9380.67857589892
98825|94|2|0|0|2.4491|14954.764428522987
98871|52|2|0|1|0.2429|984.0576198541092
98995|17|1|0|1|0.344|1118.1553226461776
98995|68|1|0|0|0.5746|2370.104003567476
99108|52|2|0|1|1.611|5335.158228568285
99146|17|2|0|1|0.8314|4506.952067173145
99282|59|2|0|1|1.6244|6924.437991137835
99377|52|2|0|1|0.65|2971.47303080961
99693|81|1|0|1|6.3397|26456.712841214572
99793|52|2|0|1|0.1326|1100.455336500227
99793|87|2|0|0|0.0189|1155.7282090452165
