439|9|2|0|0|1.08|2769.810009872293
447|40|2|0|1|0.4694|2541.123521843938
523|32|2|0|1|0.6478|1885.2238765848385
702|59|2|0|1|1.1331|9486.750133313173
797|59|1|0|1|7.5143|14188.208678710796
797|68|1|0|0|2.3854|10622.014175560575
812|68|1|0|0|0.5741|4275.449452081097
917|59|1|0|1|1.2795|2871.252065406358
966|32|2|0|1|0.6647|1334.2234173621418
1022|17|2|0|1|0.4694|2956.9649872403015
1133|17|2|0|1|0.0969|6238.539650811948
1142|59|1|0|1|0.85|1040.2784404897266
1190|59|2|0|1|2.4615|11780.884366540611
1270|9|2|0|0|2.48|8503.625613054843
1270|94|2|0|0|0.37|3046.0853472068616
1554|32|2|0|1|0.0646|7044.25812773387
1592|32|2|0|1|3.6637|5833.801750327565
1777|59|1|0|1|0.2944|345.22078285487305
2083|15|2|0|1|2.7954|11104.813039779221
2083|26|2|0|1|8.089|17058.661822937192
2083|52|2|0|1|3.3068|10810.170261370653
2083|59|1|0|1|7.944|12315.079828796635
2360|59|2|0|1|6.2374|19384.453434039864
2486|68|1|0|0|1.3553|9287.01408589387
2584|52|1|0|1|0.9767|3297.0856081877178
2716|26|2|0|1|3.757|19182.767081206162
2821|59|2|0|1|3.1242|15825.930528000843
2874|87|1|0|0|0.12|652.6217623324746
2891|59|1|0|1|0.4741|4943.46196675603
2913|52|2|0|1|1.331|10039.064653897827
2916|17|1|0|1|3.728|6835.454489801599
2916|32|2|0|1|2.26|10430.183250479042
2916|59|2|0|1|1.26|7414.866585166552
3014|17|1|0|1|0.4181|590.1485755774693
3032|59|1|0|1|0.2199|371.1183760995259
3091|81|1|0|1|3.91|18000.770002635432
3316|68|1|0|0|0.6748|1073.3169148253985
3494|59|1|0|1|0.2232|865.6665318706536
3555|59|1|0|1|2.45|14316.600950657443
3643|40|2|0|1|1.2752|8725.470911940154
3710|59|1|0|1|0.5372|1257.655857048587
3931|17|1|0|1|1.2231|2539.173787627161
4024|15|2|0|1|0.6622|9134.20423108021
4024|32|2|0|1|21.11|59080.43654181116
4024|40|2|0|1|18.1746|30961.336967200936
4024|52|2|0|1|8.0726|24972.49796675294
4024|59|2|0|1|1.122|9113.029309595382
4024|81|2|0|1|13.86|28974.07865954448
4024|87|2|0|0|11.9238|46204.25158856458
4052|17|2|0|1|4.68|14571.353144559487
4377|9|2|0|0|1.781|5482.37170960926
4926|32|2|0|1|1.18|5635.488669450914
4990|15|2|0|1|1.5077|12250.255237145662
5062|9|2|0|0|0.0267|647.3205128513152
5062|59|2|0|1|0.0531|478.3713946635448
5142|17|2|0|1|0.3247|1626.1927635195007
5142|52|2|0|1|0.7263|3033.0137298261297
5142|59|2|0|1|0.5946|1842.3820666548418
5377|40|2|0|1|1.6499|4324.139147785988
5380|40|2|0|1|1.28|6144.794416033419
5462|81|1|0|1|0.4257|1385.5887529041438
5498|15|2|0|1|1.1028|6880.359046546026
5498|23|2|0|1|0.91|4576.860463229953
5548|59|2|0|1|0.2809|1824.2354061250724
5638|59|1|0|1|0.49|587.8804798249472
5696|59|1|0|1|7.62|9242.244717284153
5760|40|2|0|1|1.1759|7464.864043814566
5844|26|2|0|1|1.81|10564.912503597734
5897|15|2|0|1|2.1251|14206.310544286924
6132|52|2|0|1|0.11|389.0494403403157
6307|17|1|0|1|1.176|5417.778289777244
6454|94|2|0|0|4.7932|24290.51308714009
6732|59|1|0|1|0.1649|365.54312752643006
6950|59|2|0|1|0.0304|598.8199757481408
7104|9|2|0|0|0.5047|3185.9325555697633
8269|32|2|0|1|1.54|14858.528580684066
8623|26|2|0|1|0.57|3082.218599526677
8690|43|2|0|0|0.5042|3264.533822639377
8954|32|2|0|1|0.76|4128.1370965694905
8982|17|2|0|1|0.6629|3239.2995429298444
8986|59|2|0|1|0.3962|1838.165080305744
9006|59|2|0|1|1.43|4502.996544308717
9086|26|2|0|1|0.78|5937.106543540734
9086|52|2|0|1|0.78|5921.403864097157
9158|9|2|0|0|2.06|7359.051899094217
9209|59|2|0|1|0.6762|2993.4727600893825
9270|15|2|0|1|3.3018|18639.996071628233
9270|94|2|0|0|1.1171|9264.494487352813
9474|68|1|0|0|0.146|464.00993763496126
9594|59|1|0|1|0.1325|589.0676225128367
9609|17|1|0|1|0.8|2480.647033597337
9613|55|2|0|1|2.36|14362.336779372969
9925|26|2|0|1|4.8852|22269.30704436809
9944|17|2|0|1|1.911|9110.336209044686
9944|32|2|0|1|0.9|5026.886541976869
10091|87|1|0|0|0.5145|4182.669848960319
10117|59|2|0|1|0.406|2692.907698027989
10133|17|2|0|1|0.9137|2332.0227425862186
10376|9|2|0|0|9.8|24129.408034362594
10376|59|2|0|1|10.31|28098.592736928094
10547|15|2|0|1|1.4118|4366.786888752219
10999|32|2|0|1|0.73|1380.8992205431275
11208|40|2|0|1|3.46|23909.24474997972
11220|15|2|0|1|1.81|12093.48237551875
11220|87|2|0|0|2.02|15103.816061021018
11395|17|1|0|1|5.2841|16655.477405478425
11395|59|1|0|1|4.567|11564.457583681022
11395|59|2|0|1|4.567|27433.76068914721
11536|32|2|0|1|1.26|7263.404326462383
11559|17|1|0|1|0.43|2316.05548640864
11587|9|2|0|0|7.9236|10863.475489059463
11587|59|2|0|1|3.0067|5146.583507239355
12086|87|1|0|0|3.1242|16856.437662472377
12136|59|2|0|1|0.0238|8382.936590309404
12574|32|2|0|1|1.6552|9554.453088688924
12592|59|1|0|1|0.0833|263.2903381889758
12622|17|2|0|1|1.31|3468.968837622834
12869|87|2|0|0|3.9|18123.27874557651
12869|94|2|0|0|3.0351|13081.966910448084
12930|40|1|0|1|0.8749|2976.046065694586
12970|17|1|0|1|0.5989|3243.8092108319565
13040|9|2|0|0|2.96|18955.5348098584
13054|15|2|0|1|1.951|10474.314054428873
13054|59|2|0|1|0.7555666666666667|7535.761509673361
13054|81|2|0|1|1.3815|8171.967889166147
13154|15|2|0|1|2.67|11940.391737524356
13199|68|1|0|0|0.212|1821.153555880686
13303|32|2|0|1|0.8186|5426.5141622712545
13313|17|2|0|1|1.85|6759.887730422448
13313|32|2|0|1|4.5686|14902.258245855726
13333|94|2|0|0|1.4597|8412.349339018927
13439|32|2|0|1|1.3984|3022.671253789422
13450|17|1|0|1|1.17|4468.1620292142015
13488|15|1|0|1|0.163|364.7467696071679
13581|17|1|0|1|1.76|9619.5253517855
13708|52|2|0|1|1.13|5691.325938357526
13733|59|1|0|1|1.9584|4408.6369563012695
13751|52|2|0|1|4.83|25792.756252437
13822|59|2|0|1|0.42|2531.364751015759
13847|87|1|0|0|0.9759|2913.134710452889
13871|17|1|0|1|1.4984|3872.083610931703
13871|32|2|0|1|1.0534|8734.830863861851
13871|59|1|0|1|1.41|3873.6635501357214
13871|68|1|0|0|0.7219|8849.332998299371
13981|68|1|0|0|4.51|13469.720024017657
14470|17|2|0|1|2.7919|16303.257984754973
14470|32|2|0|1|6.1315|61242.981698851705
14470|59|2|0|1|0.7824|7057.625551339283
14671|17|2|0|1|0.0342|6220.030830621474
14735|26|2|0|1|1.3853|5880.387726404633
14843|43|2|0|0|2.73|14725.184254715377
14843|62|2|0|0|9.6708|40291.07020003615
14843|87|2|0|0|10.7223|63814.149397314664
15071|81|2|0|1|1.61|6593.713320758323
15217|23|2|0|1|2.3316|8354.232160221367
15217|32|2|0|1|2.13|8593.547535364847
15217|87|2|0|0|3.4566|8061.271609584164
15228|81|2|0|1|0.7268|3889.377516844307
15328|59|2|0|1|0.3999|1862.8750797260018
15443|87|1|0|0|0.37|2076.6112443379416
15770|32|2|0|1|0.3742|1995.8688243208267
16282|59|2|0|1|0.7494|2980.9675863112084
16355|17|2|0|1|0.03|6220.030830621474
16488|32|2|0|1|2.7417|17506.667187475774
16613|94|2|0|0|2.71|12097.485095508562
16692|15|2|0|1|0.7038|4009.58842809339
16692|32|2|0|1|3.7134|8913.299366355439
16692|59|2|0|1|0.7555666666666667|3005.780603497218
16864|32|2|0|1|13.5944|78434.19031441436
16921|40|2|0|1|3.126|19445.183218407143
16975|23|2|0|1|2.27|7307.827502997425
17034|59|1|0|1|0.83|4493.412340261723
17043|23|2|0|1|2.709|12626.687140704407
17068|68|1|0|0|0.3|1990.8249754073265
17183|43|2|0|0|0.6839|2963.2188990219524
17321|9|1|0|0|0.6409|2541.7366076849416
17343|59|2|0|1|0.1866|1618.112923597989
17378|17|1|0|1|0.15|377.0007557619737
17407|59|1|0|1|1.8279|10312.589914355263
17413|81|1|0|1|0.5671|5909.061655529384
17434|17|1|0|1|0.2711|406.32515566120014
17552|59|1|0|1|0.5619|2395.376214796066
17552|68|1|0|0|0.7814|2471.0084596134843
17818|17|1|0|1|0.2068|402.3501359225574
17977|92|1|0|0|1.3546|15417.884786855011
18082|32|2|0|1|2.6331|16720.14728136658
18094|59|2|0|1|0.1364|588.1441473191685
18103|59|2|0|1|2.2225|4726.710246949734
18139|52|2|0|1|1.5088|7517.10030014146
18158|81|1|0|1|1.85|6353.166992675409
18158|81|2|0|1|1.85|8085.971223807159
18318|81|2|0|1|0.8953|6643.074911418587
18372|32|2|0|1|0.706|8951.09557376566
18408|59|2|0|1|0.502|2182.837199815022
18410|32|2|0|1|1.03|3454.9281321041767
18438|59|2|0|1|4.3138|16890.204056459956
18515|32|2|0|1|0.0799|688.4719187686503
18581|59|2|0|1|0.2045|1255.838021386352
18632|52|1|0|1|8.0|6423.442657580769
18632|52|2|0|1|8.0|32287.06305415631
18976|32|2|0|1|2.08|16592.83836846645
19067|32|2|0|1|0.19|3649.596994990406
19067|59|1|0|1|0.525|2113.708956565896
19067|68|1|0|0|1.631212|7078.668141855169
19179|15|2|0|1|1.956|16350.326987964669
19272|81|1|1|1|1.88|3073.4329809493524
19515|32|2|0|1|5.0139|22937.729788814882
19679|15|2|0|1|3.14|17173.336527310395
19679|32|2|0|1|4.6865|31021.72995785083
19679|52|2|0|1|2.6172|17173.773228385984
19679|81|2|0|1|2.1638|17450.60402897724
19740|17|2|0|1|1.32|6716.551861937632
19740|32|2|0|1|0.39|2469.9679573067415
20041|40|2|0|1|2.919|24704.858088318295
20041|59|2|0|1|9.8532|44957.953578671506
20041|65|2|0|1|3.657|33750.65806184552
20082|15|2|0|1|1.47|5961.80064683008
20253|59|2|0|1|0.4484|2085.02594366518
20693|4|2|1|1|7.175|12578.516112676523
20693|15|2|1|1|5.75|22794.41035963285
20693|26|2|1|1|1.32|9687.428356318187
20693|52|2|1|1|3.23|9539.625063963676
20881|17|1|0|1|0.7|2401.7753084474452
20934|59|1|0|1|2.79|3250.942437826705
20943|32|2|0|1|1.41|2681.9839076107273
21119|17|1|0|1|0.259|422.88255276933177
21119|59|1|0|1|0.2074|225.43759181996336
21215|17|1|0|1|0.2345|936.4086659047982
21394|52|2|0|1|0.342|1998.7725998368596
21481|52|2|0|1|0.2451|857.7541490847692
21798|59|1|0|1|2.0239|6171.319558708093
21807|59|1|0|1|1.0247|4056.1059967345836
22092|59|1|0|1|1.2258|5105.369347964515
22294|17|1|0|1|0.4757|1647.792852289687
22630|59|1|0|1|0.8301|7865.811954357486
22639|40|2|0|1|0.2811|2053.4238384521423
22768|59|1|0|1|0.8675|2577.1103107026397
22879|17|1|0|1|1.65|10782.949259477033
22879|87|1|0|0|1.67|12748.268189475433
22976|32|2|0|1|1.8964|11702.840640527496
23093|40|2|0|1|2.8415|17679.683209868952
23093|52|1|0|1|1.1341|3771.3341573077296
23093|52|2|0|1|1.1341|6143.17452933286
23421|17|1|0|1|0.83|990.0350070027318
23530|32|2|0|1|0.0219|7044.25812773387
23630|17|1|0|1|1.5357|6488.143558435122
23668|59|2|0|1|1.19|9946.523450416285
23812|59|2|0|1|0.3129|1909.2277265596533
23846|59|2|0|1|1.2593|7205.871286326487
23942|81|2|0|1|0.5728|4921.1236024930295
23974|59|1|0|1|0.5851|2679.058877816015
23983|32|2|0|1|1.01|1724.3012426668365
24065|94|2|0|0|2.08|11357.586390814708
24195|87|1|0|0|0.675|4070.4884749379853
24195|87|2|0|0|0.73|4727.6072979567825
24382|59|2|0|1|0.783|2933.9380277288856
24392|40|2|0|1|0.6393|5059.173726579178
24404|32|2|0|1|9.3728|27656.87979255915
24404|81|2|0|1|8.51|24091.866363212685
24945|32|2|0|1|0.6863|3702.3878443574527
24951|17|1|0|1|0.9481|2407.6342754066814
25015|32|2|0|1|1.5964|11514.037778314827
25026|9|2|0|0|2.409|6576.9918001651995
25104|23|2|0|1|2.2612|15596.978953219457
25104|52|2|0|1|3.6197|22938.872971062614
25104|59|2|0|1|3.4845|37746.80492810153
25377|59|1|0|1|2.5375|4114.345473446775
25422|59|1|0|1|1.8072|6217.7782516079715
25422|68|1|0|0|1.2775|4396.95939086792
25627|26|2|0|1|0.6838|7099.306387880677
25671|9|2|0|0|3.2396|7193.707814494929
25671|15|2|0|1|2.8168|8378.200704732635
25816|81|1|0|1|1.37|4763.860409886755
25825|17|1|0|1|0.89|4203.06529233655
25885|52|2|0|1|0.06|369.4132297988432
25887|68|1|0|0|1.39|2318.206083714436
26094|17|1|0|1|0.28|1748.5610895340642
26390|17|1|0|1|0.5|1079.8997143842137
26539|15|2|0|1|2.38|10958.447593762325
26725|68|1|0|0|0.15|1365.6618444411617
26725|87|1|0|0|0.66|2070.4147789755893
26730|17|1|0|1|0.64|798.1293824318822
26807|17|2|0|1|0.5169|2139.177716381571
26831|40|2|0|1|0.1712|878.0015152639214
26954|59|1|0|1|1.56|5825.760982497886
26979|17|1|0|1|2.14|1580.530380158312
26979|59|1|0|1|0.1756|3395.983074957658
27129|59|1|0|1|0.6496|4919.243871482755
27166|59|1|0|1|0.0817|167.44886066523017
27224|40|2|0|1|0.4102|3695.994309559303
27515|32|2|0|1|0.0143|7044.25812773387
27546|32|2|0|1|0.6097|5018.831382757114
27629|32|2|0|1|2.7648|15423.89967805966
27761|59|1|0|1|0.975|5169.329885473843
27819|17|1|0|1|9.4593|34699.491253335094
27922|81|1|0|1|1.0517|2680.2686317078483
28134|59|1|0|1|1.8871|4326.6746262349825
28137|59|2|0|1|0.7|5292.965211765531
28137|87|2|0|0|2.65|25866.985732768542
28156|59|1|0|1|1.63|9528.75817234494
28362|9|2|0|0|0.7653|3056.1722169242853
28410|17|2|0|1|5.1866|23685.47930653979
28477|32|2|0|1|0.62|4614.942765333879
28847|52|2|0|1|0.7292|4613.427025510611
28861|17|1|0|1|1.081|4643.812398204185
29262|23|2|0|1|1.4774|10706.340333171252
29262|59|2|0|1|4.08|23950.464794053845
29666|59|2|0|1|1.17|7653.5147273957045
29831|59|1|0|1|0.472|930.1465304569113
30114|59|2|0|1|1.51|7188.3369269787045
30139|32|2|0|1|1.86|12125.464360528584
30409|15|2|0|1|0.372|1503.6633601651058
30423|17|1|0|1|0.9478|4392.076996376642
30628|81|1|0|1|3.1766|6149.415703123892
30652|52|2|0|1|0.4784|2891.6223339135586
30771|9|2|0|0|2.68|11569.579975723564
30936|59|1|0|1|0.4142|430.22478937314304
31012|68|1|0|0|3.22|10167.204112164081
31153|32|2|0|1|0.0995|2436.9603004014452
31551|59|1|0|1|0.95|4531.57803899471
31565|68|1|0|0|2.99|10657.162470996327
31622|59|2|0|1|0.4247|2592.015490989257
31836|87|1|0|0|1.331|5558.501948010031
31836|87|2|0|0|1.331|7991.202664586732
31838|68|1|0|0|1.38|4811.770449886445
31890|68|1|0|0|1.0427|4788.693442194308
31899|17|1|0|1|1.34|5906.290487984616
32006|94|2|0|0|0.2295|8493.935472058783
32060|17|1|0|1|6.8092|29700.255853094128
32060|81|1|0|1|4.8256|27935.70311742219
32437|59|2|0|1|0.7072|3036.885999223988
32572|32|2|0|1|0.0318|7044.25812773387
32660|17|1|0|1|1.1505|1827.9907389714865
32681|68|1|0|0|0.5732|3285.865989121481
32730|59|2|0|1|1.2399|9823.805212010719
32795|26|2|0|1|2.6343|11626.17898373083
32795|32|2|0|1|5.12|40679.56271449399
32795|59|2|0|1|3.84|26229.254774627876
32896|94|2|0|0|1.5161|13800.45096423579
32986|17|1|0|1|0.2093|277.57659081611854
32997|32|2|0|1|3.4711|18736.24232440561
32997|40|2|0|1|2.63|16751.07623600801
33084|59|1|0|1|0.3748|699.2424631563383
33248|81|2|0|1|4.2851|48797.75760712141
33428|59|2|0|1|2.94|13606.05839919206
33453|32|2|0|1|1.32|7928.3482127973275
33486|17|2|0|1|8.51|52850.97974326902
33486|55|2|0|1|4.2494|17212.881360622476
34190|68|1|0|0|3.7789|14046.243543192677
34244|32|2|0|1|5.19|14711.781260951719
34315|59|1|0|1|0.4126|2205.9736471700435
34407|92|1|0|0|0.69|1023.6882470552928
34500|32|2|0|1|2.9517|5890.176407775738
34512|59|1|0|1|4.8541|30118.236963737145
34775|81|2|0|1|3.0631|12125.295159118103
34853|59|2|0|1|0.4378|2303.4851153637337
34922|9|2|0|0|1.3416|7443.200902299946
34977|4|2|1|1|1.23|4458.927211937754
35052|87|2|0|0|1.3029|11996.662892520777
35100|32|2|0|1|0.86|6456.0176335347305
35271|40|2|0|1|5.8772|43747.41849562019
35284|59|1|0|1|0.8183|2277.0217713419056
35287|87|2|0|0|7.593|41364.455442725106
35465|32|2|0|1|3.8165|19462.423337742614
35689|68|1|0|0|0.5907|2314.3009354596384
35719|40|2|0|1|0.8782|10171.212986654107
35819|52|2|0|1|0.4725|1992.6170652379878
35888|59|1|0|1|1.0572|1537.16756869648
36088|59|2|0|1|1.9915|6954.067170580355
36094|94|2|0|0|1.5479|5834.607693893515
36122|59|1|0|1|0.9166|5402.305612301728
36123|15|2|0|1|6.72|48325.30352779684
36258|17|1|0|1|1.97|5903.40794744612
36331|59|1|0|1|0.78|4018.9505334019736
36468|15|2|0|1|1.9141|16578.00699860302
36535|17|1|0|1|1.6|2303.4726776903103
36535|59|1|0|1|1.6|1704.2954865211382
36708|40|2|0|1|0.5462|2745.96893578074
36918|17|1|0|1|2.0733|6589.767377170634
37005|81|1|0|1|3.74|24135.74526723137
37371|32|2|0|1|1.1643|5681.218421389096
37461|52|2|0|1|3.68|27618.227025273743
37661|59|1|0|1|0.9008|7349.681547523939
37826|17|2|0|1|10.1482|74035.42171417664
37826|32|2|0|1|4.4695|20828.425173523545
38025|59|1|0|1|3.94|17141.462375627067
38272|17|1|0|1|1.4393|6217.062276916739
38272|52|2|0|1|0.9413|4714.09229823608
38272|71|1|0|1|1.06|1472.3144324385328
38272|81|1|0|1|2.95|9006.939518848509
38272|87|1|0|0|1.63|3759.5306741618406
38443|17|1|0|1|1.1093|5012.545168625358
38454|32|2|0|1|1.0169|4209.447642426303
38481|81|1|0|1|1.1017|3069.603505714017
38512|17|2|0|1|4.99|21574.768513911706
38557|59|1|0|1|0.2297|643.3864818589249
38645|68|1|0|0|0.49|2511.417615603161
38764|40|2|0|1|0.8051|2910.521307298901
38795|40|2|0|1|2.18|10509.048182608665
39040|81|2|0|1|2.5438|21880.83913999379
39112|32|2|0|1|5.68|20047.456092013923
39261|87|1|0|0|1.08|3134.218112464974
39261|87|2|0|0|1.08|2976.977484669043
39261|94|2|0|0|2.4291|6476.123555760135
39276|17|2|0|1|0.3938|2297.8008283249205
39360|32|2|0|1|3.08|4856.823739420515
39495|17|1|0|1|3.76|10706.775406943594
39664|59|1|0|1|1.122|1870.144310589682
39664|59|2|0|1|1.122|3007.3106976127583
39664|68|1|0|0|1.4329|3703.671553805425
39939|87|2|0|0|0.6882|8748.772011489747
39979|17|1|0|1|0.7419|3253.287644672842
40200|71|1|0|1|1.774|1875.3289616302313
40204|17|2|0|1|0.2543|884.5591036998296
40352|32|2|0|1|0.35|2577.5626004710093
40447|26|2|0|1|1.4783|8513.942931721673
41027|32|2|0|1|1.877|8786.690772447892
41398|17|2|0|1|0.9908|4147.043456972273
41607|59|1|0|1|1.6562|3119.523483396575
41607|81|1|0|1|0.46|1318.2697989389496
42164|17|2|0|1|0.6153|3260.242620987223
42384|59|1|0|1|0.1236|675.381367546365
42448|9|2|0|0|1.0209|2543.358816765316
42483|32|2|0|1|0.2992|1881.4139152939358
42520|32|2|0|1|0.0418|7104.665200343538
42577|9|2|0|0|1.2|2872.7272934882985
42777|59|1|0|1|0.78|7509.8323404099165
42787|40|2|0|1|0.9728|6603.387833570622
42915|40|1|0|1|0.2732|846.8207597616075
43077|9|2|0|0|0.5|1335.3329406172672
43129|59|1|0|1|0.6094|1314.7657111993926
43256|87|2|0|0|1.61|8210.955408043912
43705|17|2|0|1|4.2676|12255.491155612332
44150|9|2|0|0|4.314|27867.44176141269
44150|32|2|0|1|1.04|8187.270836144644
44150|59|1|0|1|1.45|14141.707347168145
44150|81|2|0|1|0.8948|6313.700760190043
44150|87|1|0|0|0.1|3563.6317715455975
44155|59|2|0|1|0.034|8382.936590309404
44512|32|2|0|1|3.78|31788.950487855127
44625|17|2|0|1|1.29|3651.689267699812
44713|59|1|0|1|2.12|5563.27382427824
44837|68|1|0|0|0.4|2412.440094250156
45489|26|2|0|1|1.87|11805.517275914008
45489|32|2|0|1|6.8|64169.59791795411
45680|59|2|0|1|1.7696|13878.598524750361
45742|9|2|0|0|0.9776|2996.5108386604898
45773|32|2|0|1|5.22|41883.13710559797
45849|40|2|0|1|0.5089|1375.5108026288692
46130|59|2|0|1|0.1257|616.9469448111008
46499|32|2|0|1|0.2835|7075.816722063236
46712|59|2|0|1|0.2765|1780.139944148325
47033|59|1|0|1|1.0523|4656.718363009435
47258|40|2|0|1|1.334|10482.883953031163
47298|59|1|0|1|0.17|395.4008822694721
47465|59|2|0|1|1.0211|4486.564051203395
47532|26|2|0|1|0.55|2059.3177285915967
47561|17|2|0|1|0.5797|3743.312463775747
47829|17|1|0|1|1.31|2366.044545366724
47829|17|2|0|1|1.31|7052.066876946033
47829|92|1|0|0|1.3464|11913.786335073002
47874|17|1|0|1|1.1386|2381.0269306411037
47874|59|1|0|1|0.8385|2061.9374300819113
47921|32|2|0|1|7.3735|48620.33446688929
48223|17|2|0|1|1.464|7228.924279165566
48410|68|1|0|0|1.12|4832.605647608531
48410|68|2|0|0|1.12|4291.536427415608
48410|81|1|0|1|1.2873|4286.422072062344
48410|81|2|0|1|1.2873|6125.004600397452
48410|87|2|0|0|0.2441|2628.649469584355
48438|17|1|0|1|0.4449|1993.8808339048546
48453|17|1|0|1|2.0878|7637.760016237377
48453|17|2|0|1|2.0878|4037.2773959499027
48461|84|2|0|0|2.2005|13218.495231900706
48615|15|2|0|1|2.0116|14821.582505684246
48615|81|2|0|1|1.8099|16788.403399036855
48626|32|2|0|1|3.7503|24841.13581000005
48652|17|1|0|1|0.57|1979.796565174411
48652|59|1|0|1|1.24|2069.902363313353
48720|59|2|0|1|0.2209|1588.6426245913865
48807|17|1|0|1|0.47|2125.031387673629
48816|15|2|0|1|2.11|15064.676002980037
48827|17|1|0|1|5.24|7126.940838087338
48827|17|2|0|1|5.24|27751.615113397856
48827|40|2|0|1|8.41|35395.261709498845
48827|59|1|0|1|8.1338|7068.2477588507
48827|59|2|0|1|8.1338|15287.039399847225
48849|59|2|0|1|2.03|10549.758810128964
48877|32|2|0|1|13.18|94974.56871027272
48877|52|2|0|1|7.21|40821.15980662144
48877|59|2|0|1|7.17|53583.514882805845
48877|81|2|0|1|7.99|76967.96515999666
48890|48|2|0|0|4.9765|9230.204606427606
49034|59|1|0|1|1.1009|2165.349548137556
49130|17|1|0|1|2.7138|6419.4863318260395
49305|9|2|0|0|3.1844|11498.854593894757
49345|40|2|0|1|1.83|2746.4951731580395
49345|59|2|0|1|0.82|1282.071499508845
49541|68|1|0|0|3.0|12873.072046105017
49541|87|2|0|0|2.78|24825.77050856102
49541|94|2|0|0|1.88|10347.258945761556
49636|9|2|0|0|2.8601|10950.89582121189
49636|17|2|0|1|12.2474|68762.99473675372
49636|26|2|0|1|3.0178|13214.827638038467
49636|52|2|0|1|6.9004|33568.306227086054
49636|59|2|0|1|20.8122|86924.2880479514
49636|81|2|0|1|0.44|4559.194628889971
49672|32|2|0|1|1.1995|6390.003399682023
49929|59|1|0|1|0.17|698.4872723060113
50093|17|1|0|1|1.0286|4974.523161952061
50343|87|1|0|0|3.4319|13499.0923543109
50386|40|2|0|1|0.4262|2673.7985734107824
50441|59|1|0|1|1.01|4692.883247676745
50486|59|2|0|1|2.4|12839.360047518894
50528|4|2|1|1|21.598|45676.82100230975
50528|52|2|1|1|2.85|8847.065320052927
50647|40|2|0|1|0.5223|2077.5351246067175
50909|9|2|0|0|2.0004|12996.419137838579
51031|8|2|0|0|2.09|5891.987078275133
51311|59|1|0|1|0.3799|688.1042430302201
51387|23|2|0|1|0.4422|1772.081100363353
51766|52|1|0|1|0.6861|2814.2192143568914
51822|17|1|0|1|12.41|37799.17406526378
51852|17|2|0|1|2.55|11060.62494567099
52008|8|2|0|0|6.9|46907.758802833
52069|40|2|0|1|2.405|16926.930705373663
52160|94|2|0|0|4.25|17926.705322025915
52182|17|1|0|1|1.1038|1901.6470391080254
52311|87|2|0|0|0.2315|1140.3435897238292
52363|59|1|0|1|0.7608|4799.606867009307
52441|17|2|0|1|0.271|911.5759927369509
52475|59|1|0|1|1.7105|3793.0337325536584
52835|59|2|0|1|0.7394|2915.52742791353
52973|43|2|0|0|1.362485|7599.473710872588
53020|15|2|0|1|0.2942|1798.829127929132
53135|40|2|0|1|0.2821|930.2379548805371
53137|4|2|1|1|6.88|16130.7685880023
53137|26|2|1|1|5.0644|12640.388989897792
53298|59|2|0|1|2.2158|5747.997587099131
53833|68|1|0|0|0.85|4875.2561890262
53891|32|2|0|1|1.4798|4042.192612247396
53975|17|2|0|1|2.34|15657.27580127673
53975|32|2|0|1|0.3076|3291.6101098550175
54183|87|1|0|0|1.26|4392.198541299204
54397|87|1|0|0|0.1|645.4012172394077
54915|15|2|0|1|2.06|14613.323860062826
54960|68|1|0|0|1.57|6942.156557794947
55225|32|2|0|1|2.3661|4778.480563272766
55261|32|2|0|1|3.2715|8982.601156914081
55281|26|2|0|1|0.31|2609.7922684985792
55370|17|1|0|1|0.843|1330.5764132146332
55497|59|1|0|1|6.7226|7372.686706108777
55518|40|2|0|1|1.2247|4220.352052850576
55611|81|1|0|1|0.89|8441.767000781865
55618|32|2|0|1|0.4105|2775.86259837149
55644|52|2|0|1|0.9483|7866.147848562948
55693|52|2|0|1|0.4136|2645.909498507882
55823|59|1|0|1|0.8921|3729.219120376573
56446|17|1|0|1|0.5939|2340.4091273829813
56834|32|2|0|1|2.1421|11796.342779721905
56863|17|2|0|1|1.5098|6971.12102096388
56971|32|2|0|1|4.7086|32632.877298311047
57052|17|1|0|1|1.83|9488.70973694855
57052|59|1|0|1|5.8907|14170.829674370605
57052|87|1|0|0|3.1|12448.59325402217
57191|32|1|0|1|3.7255|9497.519516759205
57191|32|2|0|1|3.7255|32336.76204432623
57203|59|1|0|1|0.3092|801.252126193717
57254|32|2|0|1|1.4107|10686.220183506732
57254|59|2|0|1|1.1054|6687.717634600528
57397|59|2|0|1|1.0026|3074.2596054750607
57440|32|2|0|1|3.72|6885.371175297001
57450|17|1|0|1|0.41|6523.74407776328
58150|52|2|0|1|1.6289|7848.972119148678
58378|81|1|0|1|0.7262|4171.564747625086
58478|17|2|0|1|0.1844|2089.5355299518446
58567|17|2|0|1|2.6214|13048.966074339274
58595|81|2|0|1|2.285|16812.134825195873
58685|52|2|0|1|0.265|1904.930688861471
58769|32|2|0|1|4.25|37316.38380688898
58769|59|2|0|1|4.07|37860.35909164159
58948|17|1|0|1|0.42|710.8918455024364
59027|15|2|0|1|0.4526|7937.592469880886
59124|15|2|0|1|0.2991|1283.9214484748984
59146|59|2|0|1|1.7|8443.196948014285
59317|15|2|0|1|0.8451|2718.2181007433865
59317|59|2|0|1|0.7555666666666667|2641.231265768899
59397|40|2|0|1|2.7|23323.376641771363
59397|59|2|0|1|2.7857|19000.82196024689
59516|59|1|0|1|0.5501|3293.6398248519345
59516|65|1|0|1|1.1399|4664.617625990109
59544|59|2|0|1|2.52|15269.483828766224
59598|32|1|0|1|0.079|644.3642970333837
59612|81|2|0|1|1.1326|6394.360159446837
59757|9|2|0|0|0.417|1488.675927520195
59892|9|2|0|0|3.5355|13351.337864698475
59892|17|2|0|1|7.6771|53183.50849378551
59939|9|2|0|0|2.54|10109.881636993416
59939|17|1|0|1|10.86|32627.900201628454
59939|17|2|0|1|10.86|33881.186338897474
59939|52|2|0|1|3.5271|17618.237308205134
60279|87|1|0|0|1.12|6023.265505831846
60279|87|2|0|0|1.12|5294.569916384443
60635|17|1|0|1|2.4754|16082.881918323925
60667|40|2|0|1|0.6019|2993.3879620917805
60871|40|2|0|1|3.9349|13599.518852131143
60871|59|2|0|1|4.61|16478.544010969978
60871|81|1|0|1|6.09|11641.963851583296
60871|81|2|0|1|6.09|20120.129688843554
61062|9|2|0|0|2.32|7443.965505493511
61062|84|2|0|0|0.9|8772.925541242643
61062|94|2|0|0|2.0|9278.75237741871
61076|23|2|0|1|0.8655|2995.803101381529
61161|59|1|0|1|1.58|4723.532975134212
61177|17|2|0|1|7.039|34743.70001551436
61177|26|2|0|1|2.2924|16449.42297645121
61177|32|2|0|1|5.1465|38773.64403809018
61177|52|2|0|1|7.9425|39406.528803105735
61370|15|2|0|1|0.9986|3555.0959847219115
61431|40|2|0|1|1.2584|4656.001859761664
61478|32|2|0|1|2.49|5671.664856513464
61497|15|2|0|1|1.8309|10438.849306693364
61845|59|1|0|1|0.48|2249.8608255710856
61928|81|1|0|1|2.45|7750.918723837265
62259|94|2|0|0|0.399|2007.4280922261016
62440|15|2|0|1|0.2342|1176.5569624804684
62521|59|1|0|1|0.0398|269.10511914778016
62521|87|2|0|0|0.0243|485.87562286954955
62580|59|1|0|1|0.56|600.2056177997794
62606|26|2|0|1|0.49|3327.7012976870983
62629|23|2|0|1|1.76|8543.619368094587
62629|81|1|0|1|5.0857|15336.598802267035
62869|59|1|0|1|0.405|2281.543038012843
62977|26|2|0|1|1.8474|10746.877149453077
62977|52|2|0|1|4.8447|21649.70250640325
62977|87|2|0|0|0.3939|6150.692296134004
63133|59|1|0|1|1.7|3312.5441440214754
63133|68|1|0|0|1.48|5679.462879621766
63133|68|2|0|0|0.13|3257.063788538032
63133|81|1|0|1|0.2245|3198.248413133837
63133|81|2|0|1|0.2245|3456.2409560468554
63133|87|2|0|0|0.1229|3179.8991892941935
63181|17|1|0|1|2.68|12397.018497517383
63181|68|1|0|0|1.1|6858.8066618212
63209|17|1|0|1|0.6366|1496.035790296449
63209|17|2|0|1|0.6366|3812.092186452095
63312|15|2|0|1|2.1223|15062.123002121523
63365|59|1|0|1|4.41|13162.814996923513
63510|59|1|0|1|0.1373|316.9023032144039
63812|40|1|0|1|1.0513|3285.8546418869814
63812|40|2|0|1|2.32|4510.0453989706475
63987|68|1|0|0|0.5128|3737.5167677239056
64042|59|1|0|1|4.03|23152.583709613908
64329|59|2|0|1|0.8939|4987.466424008246
64499|32|2|0|1|1.3996|10528.42681937448
64722|81|1|0|1|0.63|3210.5518330917666
64738|52|1|0|1|0.44|2993.172748619005
64738|52|2|0|1|0.44|3119.020751315753
64845|59|1|0|1|0.81|1438.4339695090769
64845|59|2|0|1|0.81|1495.522390237559
64919|59|2|0|1|1.4|8001.885315129263
65256|87|2|0|0|0.8094|7848.382798386883
65375|32|2|0|1|2.1694|14384.358037067686
65838|59|1|0|1|1.3993|3907.1451280809574
65838|59|2|0|1|1.3993|4341.864118904262
65920|81|1|0|1|0.17|1796.0063771991104
65935|9|2|0|0|0.57|1989.0052786657493
65991|15|2|0|1|1.935|17373.507693130185
66010|59|2|0|1|0.7254|3039.6939922574784
66052|81|2|0|1|1.74|10188.177230755507
66350|9|2|0|0|1.95|10826.524601921821
66350|32|2|0|1|3.131|18698.26098804594
66350|59|2|0|1|3.1037|18749.448208004407
66451|59|1|0|1|4.6496|8117.323375195294
66472|17|1|0|1|0.4659|2001.5905240419668
66708|40|2|0|1|0.6647|4652.276445281244
66871|68|1|0|0|0.959|2797.4960288026605
66914|15|2|0|1|1.156|7648.603621965315
67061|40|2|0|1|0.2568|7651.970757855865
67186|32|2|0|1|3.2218|17097.874480412687
67292|43|2|0|0|0.57|2710.7123828604617
67512|9|2|0|0|0.82|3294.9824056905836
67670|17|2|0|1|0.6158|3229.855180723531
67739|9|2|0|0|4.9882|17004.330329491826
67743|59|1|0|1|0.904|3752.696368943145
67767|52|2|0|1|0.2785|3810.6039557254803
67872|15|2|0|1|4.43|9316.143283928033
67923|23|2|0|1|3.2408|19859.41455186053
67974|40|2|0|1|1.64|10452.22761631204
68049|87|2|0|0|0.46|8671.688603266908
68089|26|2|0|1|2.4|16352.687822808262
68089|52|2|0|1|9.35|52986.686487046594
68089|59|2|0|1|9.54|64399.88424680139
68145|4|2|1|1|5.18|10080.180098986819
68145|15|2|1|1|0.8455|4249.830008931222
68145|26|2|1|1|1.7034|3986.7698411758843
68145|52|2|1|1|1.95|4643.267782372976
68145|59|2|1|1|2.86|6345.822879239796
68718|52|2|0|1|2.11|7638.140437046634
68761|32|2|0|1|1.2254|5783.2463855586175
68807|17|1|0|1|0.5972|2740.057829520031
68850|59|1|0|1|2.08|11248.322862556777
68936|40|2|0|1|3.2633|12792.811005043608
68971|43|2|0|0|3.8101|7706.4214628471655
68971|68|1|0|0|2.0857|4533.065095081903
69003|59|1|0|1|3.561|20347.965055233886
69033|40|2|0|1|0.4186|2693.256916586068
69138|17|1|0|1|2.5|13493.335850391271
69205|32|2|0|1|4.0997|17398.43556171379
69387|87|1|0|0|0.5469|3735.332248270418
69470|40|2|0|1|0.7886|5833.324599476918
69552|59|1|0|1|2.51|4649.2356058727255
69552|59|2|0|1|2.51|5090.915868955348
69552|65|2|0|1|1.02|7418.7627619580235
69576|23|2|0|1|0.9315|4279.737122366106
69730|52|1|0|1|4.2266|8069.732531977991
69730|52|2|0|1|4.2266|13630.072111616317
69901|81|2|0|1|0.5058|2538.829313304794
69939|40|2|0|1|0.3211|3795.664606961721
70039|59|2|0|1|7.737|41645.60957154586
70101|59|2|0|1|0.4804|2524.992820723861
70111|9|2|0|0|1.67|4952.319817928237
70112|17|1|0|1|0.62|658.1251683481469
70172|40|2|0|1|1.9222|11210.647261046646
70224|17|2|0|1|0.0869|6238.539650811948
70378|9|2|0|0|2.45|2580.7892248368357
70407|17|1|0|1|0.9209|3779.8377408720175
70407|87|1|0|0|1.01|3435.4336244021465
70449|59|1|0|1|2.9|8739.176440884765
70520|9|2|0|0|0.0346|319.6730535279801
70598|59|1|0|1|0.8341|4108.744535591054
70598|92|1|0|0|2.2117|6148.951809770345
70604|81|2|0|1|1.2361|8225.380398000014
70620|59|1|0|1|0.85|988.7342761956036
70658|40|2|0|1|0.2509|1917.634851648624
70721|15|2|0|1|2.5909|16745.92569676625
70754|59|2|0|1|2.8132|15312.087518959866
71061|32|2|0|1|2.2081|3265.2879112413934
71260|26|2|0|1|1.1584|4630.430592552899
71300|26|2|0|1|2.12|12067.91258929092
71300|68|1|0|0|1.9039|7878.190735403357
71300|84|1|0|0|1.9039|7987.6631397891815
71520|9|2|0|0|0.2912|1752.3450806716507
71533|59|2|0|1|1.2264|7239.292637508349
71764|17|2|0|1|0.91|16728.796779181164
71764|23|2|0|1|0.0622|2655.189999000172
71764|32|2|0|1|2.81|12610.442470772297
71764|87|2|0|0|1.68|16586.40580674754
71764|94|2|0|0|6.096|16282.41574799499
71788|59|2|0|1|0.2962|1413.2390352063553
71833|94|2|0|0|1.0259|3077.5206536926557
71993|81|2|0|1|1.2817|13549.96032521951
72027|4|2|1|1|2.76|6520.106990455002
72124|32|2|0|1|0.9395|7787.226523228155
72130|81|2|0|1|4.3341|14933.932858292079
72175|59|1|0|1|0.43|2171.277963495257
72252|17|1|0|1|0.42|524.9014777084919
72315|59|1|0|1|0.0965|203.9210531861784
72387|59|2|0|1|0.3881|2055.16368343811
72495|17|2|0|1|3.29|20472.662903030126
72495|40|2|0|1|2.86|19714.9674900081
72583|59|1|0|1|0.8782|2828.2018305096485
72803|26|2|0|1|3.38|34196.84608161064
72803|40|2|0|1|1.3463|11711.344410655396
72803|59|2|0|1|2.5891|19241.133814838893
72803|94|2|0|0|0.7963|6323.004058538059
73332|32|2|0|1|0.6041|2312.453946208455
73443|17|1|0|1|0.6416|2725.4449141911505
73443|17|2|0|1|0.6416|3225.336165956619
73540|59|2|0|1|0.3201|1836.2801462249856
73580|59|1|0|1|0.6303|977.7161026122697
73893|40|2|0|1|1.1582|4109.501233427374
74003|59|2|0|1|2.9465|13631.339926110766
74004|52|2|0|1|0.3834|5131.97210896726
74410|32|2|0|1|3.7392|18170.828226457066
74427|17|2|0|1|1.57|7781.243454633805
74473|59|2|0|1|1.7953|9236.932375958895
74722|59|1|0|1|0.6768|2957.6571214453766
74812|17|1|0|1|0.28704|467.74147933306995
74974|15|1|0|1|0.2961|550.230325607879
75037|15|2|0|1|0.5665|2616.206064435143
75065|59|1|0|1|1.66|1783.3784365879415
75075|17|2|0|1|0.74|2912.722768849184
75171|17|2|0|1|1.73|7668.756402909199
75379|40|2|0|1|0.42977|739.215599110147
75402|59|1|0|1|0.39|1941.4641990215498
75428|59|2|0|1|0.3355|1413.9780868665162
75464|81|1|0|1|1.2212|3004.953010372771
75702|17|1|0|1|3.5176|8410.386204679853
75832|87|2|0|0|0.121|820.9588023310582
76117|87|1|0|0|1.08|6963.9230580640515
76134|26|2|0|1|1.2068|7501.692022443847
76361|59|2|0|1|0.4463|2412.093521086004
76459|15|2|0|1|2.3918|19959.394175809444
76459|17|1|0|1|0.9737|7526.337044935836
76459|26|2|0|1|7.5446|75025.22766467734
76459|52|2|0|1|8.5245|76153.32075645376
76476|17|1|0|1|0.7054|2387.2820213414607
76588|32|2|0|1|6.8286|21418.447397269527
76588|59|2|0|1|1.3303|11104.018164608096
76698|17|1|0|1|0.5188|1518.85189736779
76949|32|2|0|1|0.4293|2299.096398594899
76977|81|2|0|1|0.9352|7122.819779187116
77069|59|1|0|1|2.3254|4145.423866661284
77330|81|2|0|1|1.76|12441.122373622959
77440|59|1|0|1|0.47|2494.526612350383
77527|52|2|0|1|1.12|7439.667554907342
77614|59|2|0|1|0.4619|1405.2314643387772
77616|17|1|0|1|0.6166|1170.6402607004904
77661|32|2|0|1|1.289|2199.5582611565055
77844|59|2|0|1|1.0818|4489.590035391805
77867|81|2|0|1|1.03|5908.768936310262
77867|87|2|0|0|3.22|11225.98101741927
77964|87|1|0|0|0.3064|1464.9589076610157
77984|15|2|0|1|0.6446|2642.274196412907
77984|59|2|0|1|0.7555666666666667|2671.144988868647
77984|81|2|0|1|1.5893|3581.4788569653347
78210|59|2|0|1|5.6249|17311.635768940167
78229|68|1|0|0|1.162|6971.137357288655
78273|94|2|0|0|1.7842|11363.178183632579
78281|94|2|0|0|3.82|32300.559219633626
78460|81|2|0|1|4.536|41288.22145454317
78565|8|2|0|0|1.057|2800.057424359743
78846|15|2|0|1|0.6955|2729.5450579807602
78846|59|2|0|1|0.7555666666666667|2809.2386479792276
78863|17|2|0|1|2.0094|6785.325551818299
79247|32|2|0|1|3.4083|31030.171867462537
79247|59|2|0|1|1.4779|12274.075829197467
79253|17|1|0|1|0.0282|169.06029582970095
79550|15|2|0|1|2.5369|13686.633562261382
79653|59|1|0|1|3.1556|12267.27061652717
79722|52|2|0|1|0.3581|1330.7128456068756
79796|94|2|0|0|2.9977|17755.453464145186
79903|23|2|0|1|1.016|9408.960285154393
80170|32|2|0|1|2.1631|5606.791769540604
80170|59|2|0|1|1.8688|5893.703702465786
80461|59|1|0|1|0.4008|894.3046109600119
80479|52|2|0|1|5.64|19462.853329890273
80506|40|2|0|1|1.7935|7593.400808643687
80600|52|1|0|1|0.8949|2316.6993328668295
80627|8|2|0|0|3.0|22891.169199301923
80627|9|2|0|0|11.16|48562.3153007889
80627|43|2|0|0|4.24|21556.53090817404
80627|62|2|0|0|1.8|7545.944199517351
80886|17|2|0|1|0.19|7618.863687411221
80942|17|2|0|1|3.9164|18708.464906665547
81034|17|1|0|1|3.07|7104.169687523192
81034|68|1|0|0|4.8904|9252.029646019573
81034|92|1|0|0|3.51|6046.255218639625
81093|17|1|0|1|0.7|2801.663763089883
81554|32|2|0|1|0.4686|3035.1914205854328
81717|17|1|0|1|0.2624|1040.0642340789634
82023|43|2|0|0|6.5144|20504.01167366906
82727|17|1|0|1|0.9814|3038.846312375473
82928|15|2|0|1|3.785|20594.404794768
82939|68|1|0|0|0.76|3023.8996846343257
83256|59|2|0|1|2.2643|13237.306635929204
83458|10|2|0|1|1.8125|11298.853327833318
83458|26|2|0|1|1.0167|8626.461133896977
83472|17|1|0|1|7.42|32356.654292881394
83472|59|1|0|1|16.46|56404.07159953529
83472|81|1|0|1|8.0|14847.1383137976
84051|15|2|0|1|4.1|19869.963991476445
84051|23|2|0|1|3.8|29465.33810028983
84051|59|2|0|1|3.0|14249.332956304921
84174|15|2|0|1|2.74|6290.734970608517
84174|32|2|0|1|2.628|6026.262839588973
84174|40|2|0|1|3.06|6373.1124971330155
84183|59|2|0|1|0.6629|2752.148680685128
84287|59|1|0|1|0.3975|997.1598163880487
84380|17|1|0|1|0.1183|296.5971803298499
84413|94|2|0|0|1.3638|10820.386669839383
84482|81|1|0|1|4.9577|26597.400175309354
84518|32|2|0|1|0.36|3117.6506996435082
84613|59|1|0|1|5.5066|20218.898279248355
84613|81|1|0|1|1.1581|7535.964431524621
84689|92|1|0|0|1.1398|3212.0171812063227
84804|17|2|0|1|1.66|8169.097137795179
84804|32|2|0|1|17.1833|113331.36540913243
84904|32|2|0|1|1.021|5356.722113110995
84948|68|1|0|0|2.3375|5635.169190497999
85001|15|2|0|1|0.7811|4556.239621930761
85201|17|1|0|1|0.1584|328.37929773350857
85203|59|2|0|1|0.8159|2456.253416877399
85407|59|1|0|1|0.5971|1961.7437949493315
85414|59|2|0|1|2.55|13466.973414487727
85515|15|2|0|1|1.8689|12767.107568380714
85546|23|2|0|1|7.1294|16793.066545369347
85548|26|2|0|1|3.6318|23997.112552610437
85548|32|2|0|1|1.61|11353.473106759586
85548|40|2|0|1|1.03|5110.172967122704
85756|59|1|0|1|3.3923|3671.8131875472645
85840|81|1|0|1|1.4|6757.539223326037
85840|87|2|0|0|1.85|20433.520428859556
85855|59|2|0|1|0.9497|8175.734615624943
85924|52|2|0|1|0.42|2495.9139150843316
85950|9|2|0|0|2.17|7699.661867822779
85950|94|2|0|0|0.66|3548.8227845289975
85952|87|2|0|0|0.5336|2843.351024490947
85984|32|2|0|1|4.37|25333.088100498557
85984|59|2|0|1|4.6|29361.049487508917
86182|84|2|0|0|0.1759|1550.392188404702
86229|59|2|0|1|0.1187|737.2152220086346
86237|17|1|0|1|0.1655|335.8243739733522
86267|52|2|0|1|0.44|1856.9878030657308
86271|40|2|0|1|0.6|2233.8443544215797
86271|59|1|0|1|1.001|4279.273037734724
86271|59|2|0|1|1.001|2863.110948784483
86271|87|2|0|0|1.4113|13026.264654182527
86542|59|1|0|1|0.61|3570.400603228886
86582|17|1|0|1|3.806636434108527|40006.62108441797
86582|59|1|0|1|6.418055555555557|8062.750385762476
86743|26|2|0|1|1.77|9845.066230192533
86749|52|2|0|1|1.55|6213.4361378742105
86767|94|2|0|0|0.6348|6040.3236674247855
86901|52|2|0|1|1.27|6237.132659924528
86916|40|2|0|1|4.6468|37969.679868119165
87125|17|2|0|1|0.43|6559.878628486555
87125|32|2|0|1|0.244|6138.589722159256
87201|59|1|0|1|0.416|3924.1694237561474
87207|59|2|0|1|0.33|1273.71047089083
87293|32|2|0|1|2.7309|26370.759086697173
87293|59|2|0|1|1.2014|12407.453618779053
87434|15|2|0|1|2.43|13622.294444052392
87539|59|2|0|1|0.322|1810.821575413884
87552|9|2|0|0|0.77|2190.336226524028
87664|59|1|0|1|2.09|1584.9515287043073
87873|32|2|0|1|1.3747|10014.363991342516
87873|59|1|0|1|5.9563|15953.626498204143
87873|59|2|0|1|5.9563|17321.709563557513
87878|15|2|0|1|6.9837|30869.988487543873
88023|9|2|0|0|0.2624|1299.1700496807791
88040|17|1|0|1|3.2779|9561.304725573404
88040|92|1|0|0|0.5|3266.233676548375
88205|87|1|0|0|0.5341|3023.6330233905314
88517|87|1|0|0|0.941|7818.059128651977
88525|23|2|0|1|2.06|7534.032494321204
88691|17|2|0|1|2.453|12172.388955108694
88841|52|1|0|1|0.8096|3281.804826557149
88928|40|2|0|1|4.5727|43459.20976422768
88928|52|2|0|1|1.6099|13460.299138041266
89417|23|2|0|1|2.9756|16309.420440118884
89417|32|2|0|1|1.3|11901.710071311592
89417|59|2|0|1|3.96|33252.596024716986
89430|15|2|0|1|0.78|3002.358777927285
89440|26|2|0|1|4.5|27458.464855128295
89440|40|2|0|1|2.16|14337.972685689654
89602|32|2|0|1|4.3488|12660.803313238399
89768|52|2|0|1|2.5313|6001.513303880571
89835|17|1|0|1|0.193|362.03875939443054
89842|17|1|0|1|0.2143|1166.66312373528
90076|15|2|0|1|0.189|1760.0863833127698
90202|9|2|0|0|1.9441|5656.282669138084
90227|17|1|0|1|1.66|2338.0632691755286
90537|59|2|0|1|0.469|2662.7884654561663
90597|59|1|0|1|1.93|6456.481433168518
90901|59|2|0|1|7.236|31499.34514197972
90980|9|2|0|0|0.6787|7803.663659671788
91094|59|1|0|1|0.93|7262.766893984524
91148|23|2|0|1|2.4211|13960.483814422108
91148|32|2|0|1|1.58|10714.543494357536
91178|59|1|0|1|0.279|1159.698162588401
91179|9|2|0|0|2.0044|7428.690906690088
91179|17|2|0|1|1.1188|7534.5245410223315
91249|40|2|0|1|1.42|8984.317775987727
91435|59|1|0|1|0.0908|441.7720079135799
91517|59|2|0|1|0.1383|723.9944574414833
91543|40|2|0|1|0.2663|1198.534420181623
91752|32|2|0|1|1.0168|4368.7417829991455
91794|23|2|0|1|0.7848|4076.368752882669
91845|38|2|0|0|0.69|5359.100647395609
91975|15|2|0|1|0.2627|1178.4753431623806
92013|87|2|0|0|5.1275|14397.838674821098
92023|8|2|0|0|2.3639|11621.048837805056
92027|59|1|0|1|0.43|2513.575372699256
92099|40|2|0|1|0.8439|2174.6786774512234
92218|68|1|0|0|1.6952|5125.037994013453
92218|94|2|0|0|2.11|6768.669492156545
92490|32|2|0|1|0.9995|8647.455656051625
92531|59|1|0|1|0.82|2646.6767200275854
92531|59|2|0|1|0.82|3105.724661428144
92556|15|2|0|1|1.689|11461.347234133753
92556|32|2|0|1|1.2623|8964.788646682657
92583|17|1|0|1|1.56|2370.832725607055
92583|43|2|0|0|2.287|12783.367185226842
92583|68|1|0|0|1.8|5293.399041127622
92583|84|2|0|0|1.28|4852.2669698928585
92583|87|1|0|0|2.0|5152.641353907804
92853|17|1|0|1|0.5109|654.3119438049785
92933|17|1|0|1|0.2033|1129.8423740694154
93168|59|1|0|1|1.23|4559.912158295769
93182|40|2|0|1|0.7699|3948.3976657765206
93228|17|1|0|1|0.4673|2615.5838273953746
93417|59|2|0|1|1.4687|10468.864216382695
93435|17|1|0|1|2.13|9833.331135111775
93435|26|2|0|1|0.88|6065.085521343983
93498|59|1|0|1|5.0336|36978.8745594527
93510|92|1|0|0|0.08|482.7122028549709
93538|17|1|0|1|3.95|8465.848849330661
93538|59|1|0|1|3.2279|8239.397230996714
93922|59|2|0|1|3.1367|25078.97320306754
93922|87|2|0|0|4.914|45131.70120232671
93970|59|2|0|1|1.1155|4526.615429060456
94033|52|2|0|1|2.0521|10548.11947207617
94181|81|2|0|1|2.7883|12854.55952336547
94181|84|2|0|0|0.5585|3937.145550957279
94553|32|2|0|1|3.4|24386.354682543595
94553|59|2|0|1|3.256|22995.02072996789
94554|94|2|0|0|2.340479|15553.514169465287
94589|59|2|0|1|0.2133|1000.8164542228827
94886|32|2|0|1|3.5729|30480.07355205181
94968|32|2|0|1|2.14|13341.15075700228
95008|17|1|0|1|0.5394|3193.803713508775
95011|15|2|0|1|0.1441|1698.7024805176238
95018|59|2|0|1|0.4685|1485.6271923372935
95287|40|2|0|1|1.7539|13253.743821214604
95311|15|2|0|1|0.79|3037.4403517185
95319|32|2|0|1|0.9969|7577.29841492474
95372|52|1|0|1|1.1195|5435.223546727869
95396|68|1|0|0|1.45|5297.986377060527
95476|17|2|0|1|4.07|25606.151874314295
95476|59|2|0|1|2.0438|12031.111081888766
95476|68|1|0|0|2.71|7787.961904216075
95476|81|2|0|1|1.9108|18906.13530076358
95601|87|1|0|0|1.19|3227.1419388429936
95661|59|1|0|1|0.61|2712.782109130598
95678|17|1|0|1|9.52|61173.59720447785
95678|52|2|0|1|4.02|50594.978578013666
95678|59|1|0|1|20.82|58548.693431919484
95678|94|2|0|0|9.7353|53797.328716829164
95961|17|1|0|1|0.4055|1396.7334260121777
95974|81|2|0|1|0.3746|1719.9302310225012
96004|17|1|0|1|0.8502|965.5589597723789
96038|17|1|0|1|0.31|1714.594488079042
96379|87|1|0|0|0.6912|4140.640411844309
96414|17|1|0|1|0.3349|1992.8116203951004
96832|59|2|0|1|0.4201|8197.051653942755
96847|17|1|0|1|2.06|1299.28753506093
96975|23|2|0|1|2.022|9040.421536132342
97172|59|2|0|1|2.6984|4925.715608785067
97437|38|2|0|0|3.53|21825.34473850934
97437|59|1|0|1|0.7793|5974.402208859999
97574|59|2|0|1|2.72|9959.837260916203
97661|68|1|0|0|3.52|9728.351322659855
97695|52|1|0|1|0.4164|2242.5730356398662
97861|59|1|0|1|1.75|3128.954809615412
97942|68|1|0|0|2.58|3299.9980727545108
97942|81|1|0|1|0.1925|987.6398914609598
97945|59|1|0|1|0.406|1608.3303416835884
98118|17|2|0|1|0.83|3464.859363127931
98118|52|2|0|1|2.18|8525.866527586131
98118|59|2|0|1|0.88|3420.048531359434
98140|26|2|0|1|3.56095|26330.291171768476
98140|59|2|0|1|4.59|20438.385910547848
98248|87|1|0|0|0.5191|3445.365553816863
98265|32|2|0|1|1.41|11548.89440619502
98346|40|2|0|1|0.649|3606.7165314585186
98490|59|1|0|1|0.41|3261.3319087240425
98571|17|1|0|1|0.2463|454.5229564325987
98646|9|2|0|0|3.23|13966.428332823065
98747|9|2|0|0|3.32|13747.563924057747
98747|59|2|0|1|2.1089|11309.927423022747
98814|32|2|0|1|3.3267|18923.757011135076
98814|40|2|0|1|2.7724|14737.626285273313
98825|94|2|0|0|2.4491|14803.562560101996
98871|52|2|0|1|0.2429|913.1732706072369
98995|17|1|0|1|0.344|1377.267325684331
98995|68|1|0|0|0.5746|2377.971278684496
99108|52|2|0|1|1.611|5916.785128812704
99146|17|2|0|1|0.8314|4492.696078394729
99282|59|2|0|1|1.6244|7664.763007924053
99377|52|2|0|1|0.65|2357.6444079515404
99693|81|1|0|1|6.3397|31680.539184772573
99793|52|2|0|1|0.1326|8687.630699514177
99793|87|2|0|0|0.0189|8442.656563990124
