9498|439|9|2|0|0|1.08|3057.8658077452974
8923|447|40|2|0|1|0.4694|2701.7995771212345
8602|523|32|2|0|1|0.6478|2435.7944763964024
9242|702|59|2|0|1|1.1331|11848.67394852944
8750|797|59|1|0|1|7.5143|14190.912751800006
8751|797|68|1|0|0|2.3854|9327.183447403611
9314|812|68|1|0|0|0.5741|4178.289625960259
8827|917|59|1|0|1|1.2795|2995.0253604661334
8553|966|32|2|0|1|0.6647|1631.898032497651
9465|1022|17|2|0|1|0.4694|2959.521173676651
9430|1133|17|2|0|1|0.0969|6312.852057132633
8735|1142|59|1|0|1|0.85|1132.6340218786008
9195|1190|59|2|0|1|2.4615|11527.685656387552
9471|1270|9|2|0|0|2.48|7972.099442572151
9472|1270|94|2|0|0|0.37|4004.7836767035637
8548|1554|32|2|0|1|0.0646|7752.915028484238
8547|1592|32|2|0|1|3.6637|6812.860080120382
8811|1777|59|1|0|1|0.2944|385.3573644796335
8785|2083|15|2|0|1|2.7954|12141.05487772502
8787|2083|26|2|0|1|8.089|18169.995416955553
8786|2083|52|2|0|1|3.3068|11631.888288115822
8784|2083|59|1|0|1|7.944|11796.959853484488
9178|2360|59|2|0|1|6.2374|19781.992829901883
9290|2486|68|1|0|0|1.3553|9108.808503160759
9508|2584|52|1|0|1|0.9767|3312.8085561200605
9569|2716|26|2|0|1|3.757|18265.207196005435
9160|2821|59|2|0|1|3.1242|18060.80819422657
9536|2874|87|1|0|0|0.12|632.5212069666119
8745|2891|59|1|0|1|0.4741|4747.645312469032
9110|2913|52|2|0|1|1.331|10053.948266702304
8618|2916|17|1|0|1|3.728|7053.982809107949
8616|2916|32|2|0|1|2.26|9484.65303686789
8617|2916|59|2|0|1|1.26|7582.375753519184
9390|3014|17|1|0|1|0.4181|604.6616952296838
8800|3032|59|1|0|1|0.2199|442.80344584904094
9321|3091|81|1|0|1|3.91|16825.238075293233
9304|3316|68|1|0|0|0.6748|979.332990328355
8832|3494|59|1|0|1|0.2232|805.3151755508592
8746|3555|59|1|0|1|2.45|12676.28772975105
8951|3643|40|2|0|1|1.2752|8325.437634018588
8844|3710|59|1|0|1|0.5372|1273.9507114607336
9382|3931|17|1|0|1|1.2231|3791.703967400502
8532|4024|15|2|0|1|0.6622|11590.297208732814
8530|4024|32|2|0|1|21.11|64890.15820192951
8531|4024|40|2|0|1|18.1746|29389.078607817424
8534|4024|52|2|0|1|8.0726|24905.835022085845
8535|4024|59|2|0|1|1.122|9577.706818847724
8536|4024|81|2|0|1|13.86|29873.34340944693
8533|4024|87|2|0|0|11.9238|47759.306635490146
9448|4052|17|2|0|1|4.68|14648.945667386846
9475|4377|9|2|0|0|1.781|6614.9582976741485
8666|4926|32|2|0|1|1.18|6106.290347501731
8991|4990|15|2|0|1|1.5077|9701.228413438776
9180|5062|9|2|0|0|0.0267|924.657878807367
9179|5062|59|2|0|1|0.0531|850.3623576115074
9103|5142|17|2|0|1|0.3247|1587.5169459690767
9101|5142|52|2|0|1|0.7263|2737.6033656495842
9102|5142|59|2|0|1|0.5946|1707.092960914325
8912|5377|40|2|0|1|1.6499|4610.354287005572
8921|5380|40|2|0|1|1.28|6223.947507372686
9333|5462|81|1|0|1|0.4257|1402.8765089035735
8987|5498|15|2|0|1|1.1028|7057.0150165831965
8988|5498|23|2|0|1|0.91|5265.634349559504
9222|5548|59|2|0|1|0.2809|2186.5928320445305
8810|5638|59|1|0|1|0.49|624.7603084656066
8718|5696|59|1|0|1|7.62|8951.53850361751
8911|5760|40|2|0|1|1.1759|6754.130960438525
9574|5844|26|2|0|1|1.81|11643.291428234139
8996|5897|15|2|0|1|2.1251|14309.488500202173
9138|6132|52|2|0|1|0.11|396.7929470868735
9403|6307|17|1|0|1|1.176|5695.583900879266
9518|6454|94|2|0|0|4.7932|23505.009877705317
8836|6732|59|1|0|1|0.1649|348.7267344552784
9177|6950|59|2|0|1|0.0304|964.8994564848821
9504|7104|9|2|0|0|0.5047|3131.7368596047827
8577|8269|32|2|0|1|1.54|11404.028937222318
9566|8623|26|2|0|1|0.57|2853.6370452883966
9558|8690|43|2|0|0|0.5042|3158.710708891814
8651|8954|32|2|0|1|0.76|3672.496712748833
9459|8982|17|2|0|1|0.6629|3319.392884288781
9214|8986|59|2|0|1|0.3962|1831.7752587670984
9200|9006|59|2|0|1|1.43|4924.366766693651
9112|9086|26|2|0|1|0.78|5593.876475910526
9111|9086|52|2|0|1|0.78|5463.268872960994
9482|9158|9|2|0|0|2.06|7520.329336855952
9212|9209|59|2|0|1|0.6762|2885.773018944879
8998|9270|15|2|0|1|3.3018|18965.01789251865
8999|9270|94|2|0|0|1.1171|10672.866100362085
9287|9474|68|1|0|0|0.146|522.9344004812407
8815|9594|59|1|0|1|0.1325|636.4031159084891
9341|9609|17|1|0|1|0.8|2790.828758607433
9586|9613|55|2|0|1|2.36|10208.950562279615
9578|9925|26|2|0|1|4.8852|22458.183329109153
8710|9944|17|2|0|1|1.911|9029.117631011726
8709|9944|32|2|0|1|0.9|5335.2856190955
9533|10091|87|1|0|0|0.5145|4126.659647354869
9228|10117|59|2|0|1|0.406|3764.653732133889
9435|10133|17|2|0|1|0.9137|2582.3331920781084
9183|10376|9|2|0|0|9.8|23932.767196182533
9182|10376|59|2|0|1|10.31|26747.56818917189
9018|10547|15|2|0|1|1.4118|4925.371872880951
8550|10999|32|2|0|1|0.73|1660.834024101186
8936|11208|40|2|0|1|3.46|26891.61979753213
9003|11220|15|2|0|1|1.81|10996.780181509303
9004|11220|87|2|0|0|2.02|12510.81750093448
8771|11395|17|1|0|1|5.2841|15274.255076226447
8769|11395|59|1|0|1|4.567|10940.935988608215
8770|11395|59|2|0|1|4.567|28085.461115495957
8640|11536|32|2|0|1|1.26|7492.014073912902
9402|11559|17|1|0|1|0.43|2580.5971430902227
9173|11587|9|2|0|0|7.9236|10934.284093684864
9172|11587|59|2|0|1|3.0067|6212.349660796503
9546|12086|87|1|0|0|3.1242|14999.513329526586
9184|12136|59|2|0|1|0.0238|9153.874109547683
8661|12574|32|2|0|1|1.6552|9295.241286365534
8837|12592|59|1|0|1|0.0833|265.01493064274166
9434|12622|17|2|0|1|1.31|5371.510770305235
9043|12869|87|2|0|0|3.9|17930.085289687464
9044|12869|94|2|0|0|3.0351|12239.723166446827
9589|12930|40|1|0|1|0.8749|2820.7278175923416
9389|12970|17|1|0|1|0.5989|3387.48710541356
9506|13040|9|2|0|0|2.96|18707.323070082635
8967|13054|15|2|0|1|1.951|9761.54983377372
8968|13054|59|2|0|1|0.7555666666666667|6473.196839809331
8969|13054|81|2|0|1|1.3815|8025.556491740292
8993|13154|15|2|0|1|2.67|11940.630461198954
9303|13199|68|1|0|0|0.212|1926.0733595431236
8688|13303|32|2|0|1|0.8186|5307.895085046209
8622|13313|17|2|0|1|1.85|6349.9583444725085
8621|13313|32|2|0|1|4.5686|14301.362196741366
9529|13333|94|2|0|0|1.4597|8174.691309313064
8564|13439|32|2|0|1|1.3984|3428.353183121443
9345|13450|17|1|0|1|1.17|3366.552123072519
9599|13488|15|1|0|1|0.163|404.9550888057782
9424|13581|17|1|0|1|1.76|9747.101939685945
9120|13708|52|2|0|1|1.13|6494.330106984059
8849|13733|59|1|0|1|1.9584|4537.404748315159
9137|13751|52|2|0|1|4.83|26512.73259116195
9153|13822|59|2|0|1|0.42|2546.597389534941
9543|13847|87|1|0|0|0.9759|8054.5809017096835
8660|13871|17|1|0|1|1.4984|3796.6184745375517
8657|13871|32|2|0|1|1.0534|7711.051805123724
8658|13871|59|1|0|1|1.41|3859.80352491549
8659|13871|68|1|0|0|0.7219|8300.53939698186
9312|13981|68|1|0|0|4.51|13466.399721918975
8586|14470|17|2|0|1|2.7919|17256.503836488282
8584|14470|32|2|0|1|6.1315|60837.20163555015
8585|14470|59|2|0|1|0.7824|7997.481498295192
9429|14671|17|2|0|1|0.0342|6312.852057132633
9572|14735|26|2|0|1|1.3853|5396.767237138307
9050|14843|43|2|0|0|2.73|13303.162637816595
9051|14843|62|2|0|0|9.6708|37608.28635253321
9049|14843|87|2|0|0|10.7223|62726.241832659754
9267|15071|81|2|0|1|1.61|6402.85332280679
8697|15217|23|2|0|1|2.3316|8571.24652893375
8695|15217|32|2|0|1|2.13|9147.161471206953
8696|15217|87|2|0|0|3.4566|8095.583845273462
9252|15228|81|2|0|1|0.7268|3780.7919150405587
9215|15328|59|2|0|1|0.3999|1456.5951268203507
9537|15443|87|1|0|0|0.37|2047.2539617395255
8694|15770|32|2|0|1|0.3742|2335.7467422181294
9206|16282|59|2|0|1|0.7494|3288.624998310844
9433|16355|17|2|0|1|0.03|6312.852057132633
8610|16488|32|2|0|1|2.7417|17144.19141689485
9514|16613|94|2|0|0|2.71|13588.306349876246
8560|16692|15|2|0|1|0.7038|7131.560638376679
8559|16692|32|2|0|1|3.7134|15226.03222178158
8561|16692|59|2|0|1|0.7555666666666667|4491.513685700358
8667|16864|32|2|0|1|13.5944|76225.06585944722
8902|16921|40|2|0|1|3.126|19769.57256010234
9552|16975|23|2|0|1|2.27|6711.318998407328
8816|17034|59|1|0|1|0.83|3073.0202172135764
9554|17043|23|2|0|1|2.709|12285.634252758911
9296|17068|68|1|0|0|0.3|2011.5388915886174
9559|17183|43|2|0|0|0.6839|3009.0683427236404
9596|17321|9|1|0|0|0.6409|2329.7742150077434
9227|17343|59|2|0|1|0.1866|1838.7995720150307
9418|17378|17|1|0|1|0.15|469.91196183307375
8772|17407|59|1|0|1|1.8279|8567.861308465232
9335|17413|81|1|0|1|0.5671|6601.777814525816
9379|17434|17|1|0|1|0.2711|402.65508927728513
8871|17552|59|1|0|1|0.5619|2294.9846889219657
8872|17552|68|1|0|0|0.7814|2375.915093327952
9417|17818|17|1|0|1|0.2068|503.4046644477413
9594|17977|92|1|0|0|1.3546|14892.50360389672
8684|18082|32|2|0|1|2.6331|18721.96829273536
9204|18094|59|2|0|1|0.1364|763.8729499199547
9193|18103|59|2|0|1|2.2225|4804.795246508417
9093|18139|52|2|0|1|1.5088|7410.767490069617
9257|18158|81|1|0|1|1.85|5923.787636167371
9256|18158|81|2|0|1|1.85|7816.966030674782
9247|18318|81|2|0|1|0.8953|4745.028438524675
8671|18372|32|2|0|1|0.706|9550.112788484208
9216|18408|59|2|0|1|0.502|2119.844599048487
8596|18410|32|2|0|1|1.03|4303.172290690669
9239|18438|59|2|0|1|4.3138|19674.26915665618
8699|18515|32|2|0|1|0.0799|689.9655838237064
9152|18581|59|2|0|1|0.2045|1410.3766632681663
9081|18632|52|1|0|1|8.0|7266.669291571243
9080|18632|52|2|0|1|8.0|32997.16921909415
8562|18976|32|2|0|1|2.08|16187.114833702284
8540|19067|32|2|0|1|0.19|3930.5558277686414
8541|19067|59|1|0|1|0.525|2793.017389819743
8542|19067|68|1|0|0|1.6312119999999999|7361.365498767225
9005|19179|15|2|0|1|1.956|15428.144084216201
9324|19272|81|1|1|1|1.88|2777.1626827967625
8565|19515|32|2|0|1|5.0139|23255.285355000502
8607|19679|15|2|0|1|3.14|16783.48737439808
8606|19679|32|2|0|1|4.6865|30583.332898261386
8608|19679|52|2|0|1|2.6172|16842.596819306902
8609|19679|81|2|0|1|2.1638|15632.109120924008
8686|19740|17|2|0|1|1.32|6711.516471786271
8685|19740|32|2|0|1|0.39|2414.6184345241336
8908|20041|40|2|0|1|2.919|22965.3201344571
8909|20041|59|2|0|1|9.8532|43589.75042902483
8910|20041|65|2|0|1|3.657|32997.94050464721
9015|20082|15|2|0|1|1.47|6306.265594844843
9201|20253|59|2|0|1|0.4484|2161.6826211943035
8986|20693|4|2|1|1|7.175|13744.181459642388
8983|20693|15|2|1|1|5.75|24830.878951558047
8985|20693|26|2|1|1|1.32|9632.455216574901
8984|20693|52|2|1|1|3.23|10418.734643274405
9340|20881|17|1|0|1|0.7|2676.132968286753
8757|20934|59|1|0|1|2.79|4671.499359068426
8549|20943|32|2|0|1|1.41|2677.4181515133473
8807|21119|17|1|0|1|0.259|408.66272329968996
8806|21119|59|1|0|1|0.2074|280.4234025533016
9386|21215|17|1|0|1|0.2345|997.06646192065
9121|21394|52|2|0|1|0.342|2234.8918769694214
9123|21481|52|2|0|1|0.2451|1053.3266329809248
8831|21798|59|1|0|1|2.0239|6455.25382515799
8783|21807|59|1|0|1|1.0247|3839.4444452777393
8842|22092|59|1|0|1|1.2258|4537.602111054579
9377|22294|17|1|0|1|0.4757|1518.58050694782
8887|22630|59|1|0|1|0.8301|7506.372108707217
8917|22639|40|2|0|1|0.2811|2349.8368807339702
8793|22768|59|1|0|1|0.8675|2880.3316844001606
9349|22879|17|1|0|1|1.65|9739.80412104648
9350|22879|87|1|0|0|1.67|11734.714024516232
8677|22976|32|2|0|1|1.8964|11904.293729002013
8943|23093|40|2|0|1|2.8415|16881.908774639815
8945|23093|52|1|0|1|1.1341|5037.680027469115
8944|23093|52|2|0|1|1.1341|6325.13466114268
9351|23421|17|1|0|1|0.83|1173.7322351721364
8558|23530|32|2|0|1|0.0219|7752.915028484238
9385|23630|17|1|0|1|1.5357|7055.329265287811
9157|23668|59|2|0|1|1.19|9724.707306034832
9208|23812|59|2|0|1|0.3129|2131.992509806392
9154|23846|59|2|0|1|1.2593|7202.894490737161
9261|23942|81|2|0|1|0.5728|4854.17093580137
8798|23974|59|1|0|1|0.5851|2532.4531723561695
8552|23983|32|2|0|1|1.01|1846.2105417631249
9519|24065|94|2|0|0|2.08|10378.12923311941
9062|24195|87|1|0|0|0.675|3368.113106368848
9061|24195|87|2|0|0|0.73|4469.6214121517005
9168|24382|59|2|0|1|0.783|3048.9436202327574
8916|24392|40|2|0|1|0.6393|5011.919478186733
8543|24404|32|2|0|1|9.3728|32723.527844832173
8544|24404|81|2|0|1|8.51|23194.58121659757
8691|24945|32|2|0|1|0.6863|3943.7766240583587
9380|24951|17|1|0|1|0.9481|2559.6722935948037
8678|25015|32|2|0|1|1.5964|11000.462429655792
9477|25026|9|2|0|0|2.409|7062.149978938986
9131|25104|23|2|0|1|2.2612|16338.53137132424
9129|25104|52|2|0|1|3.6197|23362.496645688792
9130|25104|59|2|0|1|3.4845|39034.92210138113
8760|25377|59|1|0|1|2.5375|4276.670860570528
8754|25422|59|1|0|1|1.8072|5677.453502725303
8755|25422|68|1|0|0|1.2775|4071.8045819231193
9571|25627|26|2|0|1|0.6838|6340.729443166293
8995|25671|9|2|0|0|3.2396|7854.816623474079
8994|25671|15|2|0|1|2.8168|8943.344477165167
9334|25816|81|1|0|1|1.37|4617.9338436777125
9339|25825|17|1|0|1|0.89|4352.741594576509
9140|25885|52|2|0|1|0.06|391.17116553147054
9305|25887|68|1|0|0|1.39|2144.5813183123773
9405|26094|17|1|0|1|0.28|2005.9147839765917
9381|26390|17|1|0|1|0.5|1059.7581267279056
9024|26539|15|2|0|1|2.38|11500.820707023477
9288|26725|68|1|0|0|0.15|1326.6584415336558
9289|26725|87|1|0|0|0.66|2057.5023331678835
9394|26730|17|1|0|1|0.64|769.7727508033988
9464|26807|17|2|0|1|0.5169|2378.067147256438
8922|26831|40|2|0|1|0.1712|1017.7893017646949
8829|26954|59|1|0|1|1.56|5617.190218017681
8881|26979|17|1|0|1|2.14|1523.2838660939979
8880|26979|59|1|0|1|0.1756|3468.823152926491
8886|27129|59|1|0|1|0.6496|4314.529579933551
8809|27166|59|1|0|1|0.0817|272.38276303994326
8927|27224|40|2|0|1|0.4102|3693.9829799454096
8555|27515|32|2|0|1|0.0143|7752.915028484238
8687|27546|32|2|0|1|0.6097|4886.400923222214
8570|27629|32|2|0|1|2.7648|16120.869787825945
8768|27761|59|1|0|1|0.975|5090.105118034925
9354|27819|17|1|0|1|9.4593|34719.82399607899
9329|27922|81|1|0|1|1.0517|2464.125293299318
8835|28134|59|1|0|1|1.8871|4264.9545343887785
9079|28137|59|2|0|1|0.7|4873.461771494987
9078|28137|87|2|0|0|2.65|23803.239040069595
8866|28156|59|1|0|1|1.63|8654.04069469345
9490|28362|9|2|0|0|0.7653|2836.9980432863226
9447|28410|17|2|0|1|5.1866|21988.965443106783
8673|28477|32|2|0|1|0.62|4527.902233292231
9109|28847|52|2|0|1|0.7292|4693.937226995536
9420|28861|17|1|0|1|1.081|8558.494878306728
9175|29262|23|2|0|1|1.4774|8703.300867410453
9174|29262|59|2|0|1|4.08|20320.290682922016
9221|29666|59|2|0|1|1.17|7257.948783851424
8813|29831|59|1|0|1|0.472|1002.4046336402536
9164|30114|59|2|0|1|1.51|6773.930251468319
8656|30139|32|2|0|1|1.86|11197.283326682284
9019|30409|15|2|0|1|0.372|1707.9417002660482
9372|30423|17|1|0|1|0.9478|4330.27316948545
9336|30628|81|1|0|1|3.1766|6004.58531415171
9126|30652|52|2|0|1|0.4784|3076.793489406301
9493|30771|9|2|0|0|2.68|12138.957790873668
8812|30936|59|1|0|1|0.4142|520.1566870346994
9313|31012|68|1|0|0|3.22|10136.544958772938
8593|31153|32|2|0|1|0.0995|3715.3255912300847
8879|31551|59|1|0|1|0.95|4094.7681289875095
9308|31565|68|1|0|0|2.99|10690.208156565497
9209|31622|59|2|0|1|0.4247|2487.8453163828935
9075|31836|87|1|0|0|1.331|5161.512688666721
9074|31836|87|2|0|0|1.331|7327.609113896298
9268|31838|68|1|0|0|1.38|5262.128445877511
9301|31890|68|1|0|0|1.0427|4703.440808815718
9364|31899|17|1|0|1|1.34|5703.853952069792
9528|32006|94|2|0|0|0.2295|8852.915122754612
9319|32060|17|1|0|1|6.8092|29530.76108016722
9318|32060|81|1|0|1|4.8256|25296.103486345546
9202|32437|59|2|0|1|0.7072|3033.3128852076507
8557|32572|32|2|0|1|0.0318|7752.915028484238
9409|32660|17|1|0|1|1.1505|1956.8666612560546
9291|32681|68|1|0|0|0.5732|3050.696306758205
9217|32730|59|2|0|1|1.2399|9384.842796720546
8664|32795|26|2|0|1|2.6343|11210.75352233838
8662|32795|32|2|0|1|5.12|39040.51398452804
8663|32795|59|2|0|1|3.84|24905.58431458425
9527|32896|94|2|0|0|1.5161|14495.30242628334
9406|32986|17|1|0|1|0.2093|322.87626271425734
8538|32997|32|2|0|1|3.4711|20319.234611776137
8539|32997|40|2|0|1|2.63|16428.072387050277
8803|33084|59|1|0|1|0.3748|810.6035921638369
9246|33248|81|2|0|1|4.2851|43998.69079445203
9192|33428|59|2|0|1|2.94|13858.16002096314
8623|33453|32|2|0|1|1.32|7198.882701464259
9439|33486|17|2|0|1|8.51|54509.32806619829
9440|33486|55|2|0|1|4.2494|17242.192965394966
9283|34190|68|1|0|0|3.7789|13918.863991052123
8715|34244|32|2|0|1|5.19|16516.120737565398
8883|34315|59|1|0|1|0.4126|1935.0229780627333
9593|34407|92|1|0|0|0.69|1046.8452073778637
8619|34500|32|2|0|1|2.9517|8437.519150606426
8761|34512|59|1|0|1|4.8541|29667.37909036984
9266|34775|81|2|0|1|3.0631|11758.876778633503
9158|34853|59|2|0|1|0.4378|2514.6571784468993
9495|34922|9|2|0|0|1.3416|7223.772757601104
9588|34977|4|2|1|1|1.23|5382.558619590896
9060|35052|87|2|0|0|1.3029|11754.35119720363
8693|35100|32|2|0|1|0.86|6850.146592774945
8901|35271|40|2|0|1|5.8772|41086.409365095926
8814|35284|59|1|0|1|0.8183|2316.287685940598
9046|35287|87|2|0|0|7.593|39010.70492376511
8566|35465|32|2|0|1|3.8165|19407.78759857479
9298|35689|68|1|0|0|0.5907|2439.654293502972
8918|35719|40|2|0|1|0.8782|10670.68489234635
9107|35819|52|2|0|1|0.4725|1997.6271220312615
8808|35888|59|1|0|1|1.0572|1710.5982680930028
9238|36088|59|2|0|1|1.9915|7291.773924027834
9515|36094|94|2|0|0|1.5479|5962.293265260651
8882|36122|59|1|0|1|0.9166|4839.85169042884
9033|36123|15|2|0|1|6.72|44681.5781623286
9425|36258|17|1|0|1|1.97|6228.391874061895
8876|36331|59|1|0|1|0.78|3822.163974393298
9025|36468|15|2|0|1|1.9141|17461.84622686992
8740|36535|17|1|0|1|1.6|2392.2559020384574
8739|36535|59|1|0|1|1.6|2020.3041296812557
8924|36708|40|2|0|1|0.5462|3034.131338777996
9369|36918|17|1|0|1|2.0733|7429.01758105892
9317|37005|81|1|0|1|3.74|22073.347876762793
8652|37371|32|2|0|1|1.1643|5392.317157767676
9147|37461|52|2|0|1|3.68|26820.61234656632
8744|37661|59|1|0|1|0.9008|6305.810212703558
8568|37826|17|2|0|1|10.1482|68846.1850132152
8567|37826|32|2|0|1|4.4695|20350.18932163126
8782|38025|59|1|0|1|3.94|17058.305352486575
9087|38272|17|1|0|1|1.4393|6096.634934111829
9085|38272|52|2|0|1|0.9413|5258.617734674796
9088|38272|71|1|0|1|1.06|1772.064090631367
9086|38272|81|1|0|1|2.95|8442.702489235631
9089|38272|87|1|0|0|1.63|3831.48428419296
9348|38443|17|1|0|1|1.1093|4898.871782888257
8594|38454|32|2|0|1|1.0169|4185.297538056078
9327|38481|81|1|0|1|1.1017|3274.3468517287365
9453|38512|17|2|0|1|4.99|21435.45865718398
8818|38557|59|1|0|1|0.2297|805.0340398459692
9309|38645|68|1|0|0|0.49|2361.712184388556
8938|38764|40|2|0|1|0.8051|2862.8974941676315
8893|38795|40|2|0|1|2.18|10227.250121607836
9265|39040|81|2|0|1|2.5438|21612.076249131886
8639|39112|32|2|0|1|5.68|19657.655470852536
9073|39261|87|1|0|0|1.08|7917.405410000444
9071|39261|87|2|0|0|1.08|9058.563192857266
9072|39261|94|2|0|0|2.4291|12880.44139999102
9441|39276|17|2|0|1|0.3938|2577.3471980053755
8556|39360|32|2|0|1|3.08|5860.929434755438
9365|39495|17|1|0|1|3.76|10976.674241906027
8727|39664|59|1|0|1|1.122|2711.068741318237
8728|39664|59|2|0|1|1.122|3109.608431983185
8729|39664|68|1|0|0|1.4329|4308.745715966147
9070|39939|87|2|0|0|0.6882|8270.859763461636
9360|39979|17|1|0|1|0.7419|3113.3870962385868
9530|40200|71|1|0|1|1.774|1985.592247498157
9457|40204|17|2|0|1|0.2543|1067.86085802359
8668|40352|32|2|0|1|0.35|3035.0899122500687
9575|40447|26|2|0|1|1.4783|7983.69763095444
8681|41027|32|2|0|1|1.877|9329.368323989218
9456|41398|17|2|0|1|0.9908|4691.4054661017635
8788|41607|59|1|0|1|1.6562|3065.6937659104387
8789|41607|81|1|0|1|0.46|1346.1717811556155
9442|42164|17|2|0|1|0.6153|3802.989097233849
8841|42384|59|1|0|1|0.1236|692.4347754970004
9500|42448|9|2|0|0|1.0209|2905.8899533217627
8692|42483|32|2|0|1|0.2992|2176.561226647254
8702|42520|32|2|0|1|0.0418|7473.892200047633
9485|42577|9|2|0|0|1.2|7769.781094999413
8888|42777|59|1|0|1|0.78|8225.3063651032
8941|42787|40|2|0|1|0.9728|6545.313059632659
9590|42915|40|1|0|1|0.2732|938.7106633197135
9484|43077|9|2|0|0|0.5|6664.795916554128
8833|43129|59|1|0|1|0.6094|1267.7779933953834
9054|43256|87|2|0|0|1.61|7640.625277629805
9432|43705|17|2|0|1|4.2676|13297.565384969306
8647|44150|9|2|0|0|4.314|27253.033525700735
8644|44150|32|2|0|1|1.04|7554.114079386359
8645|44150|59|1|0|1|1.45|12240.777559559709
8646|44150|81|2|0|1|0.8948|7294.380869676164
8648|44150|87|1|0|0|0.1|4318.2023862231335
9185|44155|59|2|0|1|0.034|9153.874109547683
8579|44512|32|2|0|1|3.78|31429.133843568532
9443|44625|17|2|0|1|1.29|3432.9011284693984
8775|44713|59|1|0|1|2.12|5449.950862188858
9292|44837|68|1|0|0|0.4|2474.0942613690963
8588|45489|26|2|0|1|1.87|11013.688729143054
8587|45489|32|2|0|1|6.8|58857.37004397471
9237|45680|59|2|0|1|1.7696|12292.314244865314
9489|45742|9|2|0|0|0.9776|2828.804945364251
8597|45773|32|2|0|1|5.22|40457.238048668216
8934|45849|40|2|0|1|0.5089|1531.0034934271105
9229|46130|59|2|0|1|0.1257|769.0931458890343
8551|46499|32|2|0|1|0.2835|7717.587884928682
9151|46712|59|2|0|1|0.2765|1820.805190452701
8861|47033|59|1|0|1|1.0523|4639.992398594929
8915|47258|40|2|0|1|1.334|10794.378836585709
8804|47298|59|1|0|1|0.17|455.88513433600946
9167|47465|59|2|0|1|1.0211|3375.4259903050565
9568|47532|26|2|0|1|0.55|2203.6955979488293
9467|47561|17|2|0|1|0.5797|3818.8978023780824
9421|47829|17|1|0|1|1.31|2409.516019144296
9422|47829|17|2|0|1|1.31|7441.302355355429
9423|47829|92|1|0|0|1.3464|11356.810479729971
8820|47874|17|1|0|1|1.1386|2592.6849255504844
8819|47874|59|1|0|1|0.8385|1986.1960255568174
8527|47921|32|2|0|1|7.3735|44589.12998903621
9466|48223|17|2|0|1|1.464|7413.846706363369
9040|48410|68|1|0|0|1.12|5229.495205569953
9041|48410|68|2|0|0|1.12|4872.182851757084
9042|48410|81|1|0|1|1.2873|4507.8614941900105
9039|48410|81|2|0|1|1.2873|6253.310496995114
9038|48410|87|2|0|0|0.2441|2955.7736649557996
9352|48438|17|1|0|1|0.4449|2050.2754061060373
9413|48453|17|1|0|1|2.0878|7168.438153200233
9414|48453|17|2|0|1|2.0878|4482.9317709283305
9585|48461|84|2|0|0|2.2005|11746.007264967353
9029|48615|15|2|0|1|2.0116|16177.587567654133
9030|48615|81|2|0|1|1.8099|18915.567906026914
8526|48626|32|2|0|1|3.7503|22482.895202419488
8726|48652|17|1|0|1|0.57|2581.244980721631
8725|48652|59|1|0|1|1.24|2904.389073790103
9219|48720|59|2|0|1|0.2209|1852.490549024289
9356|48807|17|1|0|1|0.47|2226.978835343722
8974|48816|15|2|0|1|2.11|15123.874511560896
8854|48827|17|1|0|1|5.24|7269.625203446852
8855|48827|17|2|0|1|5.24|28075.498627249
8852|48827|40|2|0|1|8.41|32955.760167980654
8851|48827|59|1|0|1|8.1338|7446.689259843755
8853|48827|59|2|0|1|8.1338|15654.158392406736
9198|48849|59|2|0|1|2.03|10108.28563243146
8589|48877|32|2|0|1|13.18|84331.59420698065
8590|48877|52|2|0|1|7.21|38838.63039096081
8591|48877|59|2|0|1|7.17|48135.39062974992
8592|48877|81|2|0|1|7.99|62879.35832196972
9595|48890|48|2|0|0|4.9765|13007.409043146614
8799|49034|59|1|0|1|1.1009|2173.08979663521
9361|49130|17|1|0|1|2.7138|5718.552371305236
9474|49305|9|2|0|0|3.1844|12622.093659455115
8913|49345|40|2|0|1|1.83|2944.345932496779
8914|49345|59|2|0|1|0.82|1581.5236241781336
9068|49541|68|1|0|0|3.0|12560.679692773783
9067|49541|87|2|0|0|2.78|22447.12121908977
9069|49541|94|2|0|0|1.88|10481.146322502109
9145|49636|9|2|0|0|2.8601|11391.441346545851
9144|49636|17|2|0|1|12.2474|75828.37822918307
9146|49636|26|2|0|1|3.0178|14118.299971649318
9141|49636|52|2|0|1|6.9004|33509.22786924298
9142|49636|59|2|0|1|20.8122|91772.3925742683
9143|49636|81|2|0|1|0.44|5546.114530342647
8569|49672|32|2|0|1|1.1995|6251.530948992058
8877|49929|59|1|0|1|0.17|774.4611777537446
9347|50093|17|1|0|1|1.0286|5117.889325950505
9532|50343|87|1|0|0|3.4319|13261.5861286387
8925|50386|40|2|0|1|0.4262|2760.1879216413668
8790|50441|59|1|0|1|1.01|4323.711459612148
9181|50486|59|2|0|1|2.4|12683.893971933361
9099|50528|4|2|1|1|21.598|48806.11500073215
9098|50528|52|2|1|1|2.85|8721.374240570154
8930|50647|40|2|0|1|0.5223|2176.2058387805187
9491|50909|9|2|0|0|2.0004|11217.029256141519
9582|51031|8|2|0|0|2.09|6827.751835728313
8823|51311|59|1|0|1|0.3799|798.5836723984477
9553|51387|23|2|0|1|0.4422|1655.4010621131185
9511|51766|52|1|0|1|0.6861|2673.293613358735
9338|51822|17|1|0|1|12.41|37807.66734086921
9437|51852|17|2|0|1|2.55|10242.810442079986
9583|52008|8|2|0|0|6.9|43677.62463216403
8961|52069|40|2|0|1|2.405|16425.08039155267
9525|52160|94|2|0|0|4.25|18743.810216156246
9373|52182|17|1|0|1|1.1038|1257.2984571426416
9066|52311|87|2|0|0|0.2315|1215.4321420813635
8850|52363|59|1|0|1|0.7608|4619.559524796584
9455|52441|17|2|0|1|0.271|1094.3591196227162
8748|52475|59|1|0|1|1.7105|3976.625149429581
9213|52835|59|2|0|1|0.7394|2891.895682158737
9560|52973|43|2|0|0|1.362485|7446.3647847647735
9023|53020|15|2|0|1|0.2942|2099.0311287034
8929|53135|40|2|0|1|0.2821|1064.554628033467
9565|53137|4|2|1|1|6.88|17580.06483373059
9564|53137|26|2|1|1|5.0644|13588.927126723924
9245|53298|59|2|0|1|2.2158|6546.960337536302
9311|53833|68|1|0|0|0.85|4681.402697536311
8676|53891|32|2|0|1|1.4798|4647.2997378668915
8708|53975|17|2|0|1|2.34|15383.100039102428
8707|53975|32|2|0|1|0.3076|4341.074194079964
9540|54183|87|1|0|0|1.26|4489.046772711573
9535|54397|87|1|0|0|0.1|600.5844947000732
8975|54915|15|2|0|1|2.06|14753.266465992525
9271|54960|68|1|0|0|1.57|6620.215993572131
8615|55225|32|2|0|1|2.3661|7783.196734470071
8601|55261|32|2|0|1|3.2715|9835.38844574477
9579|55281|26|2|0|1|0.31|2517.22988390783
9383|55370|17|1|0|1|0.843|1416.8450691156231
8777|55497|59|1|0|1|6.7226|8195.69488705849
8905|55518|40|2|0|1|1.2247|4961.343532765909
9332|55611|81|1|0|1|0.89|8290.781010102093
8583|55618|32|2|0|1|0.4105|3237.6242568062053
9125|55644|52|2|0|1|0.9483|7288.231867782513
9139|55693|52|2|0|1|0.4136|2589.6629545755736
8781|55823|59|1|0|1|0.8921|3861.274470094751
9359|56446|17|1|0|1|0.5939|2315.9638651810346
8689|56834|32|2|0|1|2.1421|13448.011944138652
9446|56863|17|2|0|1|1.5098|6335.731254040753
8630|56971|32|2|0|1|4.7086|31503.004343907447
8891|57052|17|1|0|1|1.83|9557.99353270578
8890|57052|59|1|0|1|5.8907|15897.487357056909
8892|57052|87|1|0|0|3.1|10766.377022323357
8680|57191|32|1|0|1|3.7255|9456.195294366815
8679|57191|32|2|0|1|3.7255|32440.94710968598
8834|57203|59|1|0|1|0.3092|713.2473339537501
8573|57254|32|2|0|1|1.4107|10673.118133526597
8574|57254|59|2|0|1|1.1054|6823.17910558185
9241|57397|59|2|0|1|1.0026|3378.7058767617496
8620|57440|32|2|0|1|3.72|8093.499821248754
9395|57450|17|1|0|1|0.41|6957.560663187785
9092|58150|52|2|0|1|1.6289|7357.829971635669
9328|58378|81|1|0|1|0.7262|3846.382188844336
9454|58478|17|2|0|1|0.1844|2438.6183110585166
9438|58567|17|2|0|1|2.6214|13196.426656191756
9254|58595|81|2|0|1|2.285|15440.809776006668
9118|58685|52|2|0|1|0.265|1990.6872424666553
8716|58769|32|2|0|1|4.25|35260.47360860839
8717|58769|59|2|0|1|4.07|37441.65260032001
9396|58948|17|1|0|1|0.42|576.2007269382459
9027|59027|15|2|0|1|0.4526|8637.508233232491
9026|59124|15|2|0|1|0.2991|1501.7161511888773
9149|59146|59|2|0|1|1.7|8201.569102321695
8972|59317|15|2|0|1|0.8451|3849.1131374671954
8973|59317|59|2|0|1|0.7555666666666667|3275.0847004443135
8948|59397|40|2|0|1|2.7|22476.506734357452
8949|59397|59|2|0|1|2.7857|18621.383397404694
8857|59516|59|1|0|1|0.5501|3037.8746693950025
8858|59516|65|1|0|1|1.1399|4223.881931568379
9191|59544|59|2|0|1|2.52|16086.663988966122
9597|59598|32|1|0|1|0.079|661.162382677926
9260|59612|81|2|0|1|1.1326|9719.326485891524
9501|59757|9|2|0|0|0.417|1639.39369314218
9463|59892|9|2|0|0|3.5355|13702.44752048426
9462|59892|17|2|0|1|7.6771|54221.0248416413
9135|59939|9|2|0|0|2.54|9858.038403446044
9133|59939|17|1|0|1|10.86|30287.75790520074
9134|59939|17|2|0|1|10.86|33862.44383959498
9132|59939|52|2|0|1|3.5271|20066.451781458785
9053|60279|87|1|0|0|1.12|5929.996355288225
9052|60279|87|2|0|0|1.12|5209.79230612211
9355|60635|17|1|0|1|2.4754|14913.11219175721
8897|60667|40|2|0|1|0.6019|2911.158077253414
8952|60871|40|2|0|1|3.9349|16151.582788870168
8953|60871|59|2|0|1|4.61|17434.979050857884
8955|60871|81|1|0|1|6.09|12338.91726599558
8954|60871|81|2|0|1|6.09|19943.804884111552
9486|61062|9|2|0|0|2.32|7078.190302794281
9488|61062|84|2|0|0|0.9|8233.91130985877
9487|61062|94|2|0|0|2.0|9443.773333628975
9548|61076|23|2|0|1|0.8655|3418.054098847569
8778|61161|59|1|0|1|1.58|7624.0841588397
8613|61177|17|2|0|1|7.039|34679.686234691144
8614|61177|26|2|0|1|2.2924|16574.486086351535
8611|61177|32|2|0|1|5.1465|38162.56271474205
8612|61177|52|2|0|1|7.9425|39313.58896863077
9021|61370|15|2|0|1|0.9986|3670.3517390920165
8904|61431|40|2|0|1|1.2584|6279.4430668392715
8714|61478|32|2|0|1|2.49|6229.392631387504
9034|61497|15|2|0|1|1.8309|13513.757317517533
8828|61845|59|1|0|1|0.48|2262.6694168091276
9322|61928|81|1|0|1|2.45|6644.52262795796
9513|62259|94|2|0|0|0.399|2638.750687912229
9022|62440|15|2|0|1|0.2342|1389.4008287399495
8825|62521|59|1|0|1|0.0398|301.3226742096243
8826|62521|87|2|0|0|0.0243|628.4354676985807
8821|62580|59|1|0|1|0.56|6205.848384974262
9567|62606|26|2|0|1|0.49|3560.4785997387344
9326|62629|23|2|0|1|1.76|8918.997090374554
9325|62629|81|1|0|1|5.0857|14491.835891116796
8884|62869|59|1|0|1|0.405|1955.9131545017603
9057|62977|26|2|0|1|1.8474|8400.383065403697
9056|62977|52|2|0|1|4.8447|16035.655975036632
9055|62977|87|2|0|0|0.3939|5193.0876827897855
8719|63133|59|1|0|1|1.7|3704.3685537880347
8722|63133|68|1|0|0|1.48|6153.9996999904315
8723|63133|68|2|0|0|0.13|3707.8141942074344
8724|63133|81|1|0|1|0.2245|3803.191794634238
8721|63133|81|2|0|1|0.2245|3747.4509102917386
8720|63133|87|2|0|0|0.1229|3743.7401493968764
9270|63181|17|1|0|1|2.68|11436.702416143336
9269|63181|68|1|0|0|1.1|6630.281893818582
9399|63209|17|1|0|1|0.6366|1971.5353576582024
9400|63209|17|2|0|1|0.6366|3841.946802935542
8990|63312|15|2|0|1|2.1223|12280.32789873373
8776|63365|59|1|0|1|4.41|13421.66741422731
8824|63510|59|1|0|1|0.1373|354.1174690635086
8907|63812|40|1|0|1|1.0513|3075.8389776849713
8906|63812|40|2|0|1|2.32|4514.787028535356
9310|63987|68|1|0|0|0.5128|3392.1769804129895
8749|64042|59|1|0|1|4.03|20873.283637827568
9190|64329|59|2|0|1|0.8939|4935.564666762666
8581|64499|32|2|0|1|1.3996|10046.948104180516
9330|64722|81|1|0|1|0.63|2774.8851851715217
9083|64738|52|1|0|1|0.44|3327.729838473571
9082|64738|52|2|0|1|0.44|3368.2439821939515
8863|64845|59|1|0|1|0.81|1458.5782792893106
8864|64845|59|2|0|1|0.81|1777.3197743352607
9224|64919|59|2|0|1|1.4|7662.607673554695
9063|65256|87|2|0|0|0.8094|6644.173620991345
8626|65375|32|2|0|1|2.1694|14509.231721654549
8765|65838|59|1|0|1|1.3993|4377.447218219797
8766|65838|59|2|0|1|1.3993|5135.705111876511
9331|65920|81|1|0|1|0.17|1620.269726509657
9496|65935|9|2|0|0|0.57|2439.3410284049282
9031|65991|15|2|0|1|1.935|19169.94636318789
9225|66010|59|2|0|1|0.7254|3281.1907682550245
9251|66052|81|2|0|1|1.74|7812.015551347275
8629|66350|9|2|0|0|1.95|11169.246207398977
8627|66350|32|2|0|1|3.131|18531.025576504795
8628|66350|59|2|0|1|3.1037|17629.53159497602
8848|66451|59|1|0|1|4.6496|8036.434406480839
9368|66472|17|1|0|1|0.4659|2014.3355410488377
8940|66708|40|2|0|1|0.6647|4494.826111155881
9316|66871|68|1|0|0|0.959|2554.656160177826
9000|66914|15|2|0|1|1.156|7036.3311980693015
8919|67061|40|2|0|1|0.2568|8312.758747730286
8698|67186|32|2|0|1|3.2218|18142.037616282167
9562|67292|43|2|0|0|0.57|3000.9818474468416
9492|67512|9|2|0|0|0.82|3565.690397366772
9445|67670|17|2|0|1|0.6158|3191.0261976867823
9494|67739|9|2|0|0|4.9882|17383.80743567516
8780|67743|59|1|0|1|0.904|3948.589721159566
9116|67767|52|2|0|1|0.2785|4122.932102767034
9032|67872|15|2|0|1|4.43|9283.015339811784
9556|67923|23|2|0|1|3.2408|18073.955134845233
8937|67974|40|2|0|1|1.64|10330.79630254236
9037|68049|87|2|0|0|0.46|9837.237738549109
9096|68089|26|2|0|1|2.4|16087.218599378708
9094|68089|52|2|0|1|9.35|50222.983595913414
9095|68089|59|2|0|1|9.54|59439.16824982273
8982|68145|4|2|1|1|5.18|10468.726993736922
8978|68145|15|2|1|1|0.8455|4709.280314749255
8981|68145|26|2|1|1|1.7034|4390.477002642774
8979|68145|52|2|1|1|1.95|5184.001165716833
8980|68145|59|2|1|1|2.86|6940.9256060832695
9097|68718|52|2|0|1|2.11|8422.418429696781
8580|68761|32|2|0|1|1.2254|6009.8784381325795
9358|68807|17|1|0|1|0.5972|3142.9409565434903
8792|68850|59|1|0|1|2.08|10162.775971188754
8900|68936|40|2|0|1|3.2633|11963.093768718472
9307|68971|43|2|0|0|3.8101|8541.049671795674
9306|68971|68|1|0|0|2.0857|4706.730159167886
8889|69003|59|1|0|1|3.561|20973.87674227161
8926|69033|40|2|0|1|0.4186|2843.262493240923
9346|69138|17|1|0|1|2.5|12297.984617244976
8706|69205|32|2|0|1|4.0997|17923.369178527566
9534|69387|87|1|0|0|0.5469|3368.8463699848508
8942|69470|40|2|0|1|0.7886|5397.583020170559
8762|69552|59|1|0|1|2.51|5164.17071385307
8763|69552|59|2|0|1|2.51|5837.396076281942
8764|69552|65|2|0|1|1.02|7013.475831401106
9549|69576|23|2|0|1|0.9315|5131.065901269898
9128|69730|52|1|0|1|4.2266|8471.385935798204
9127|69730|52|2|0|1|4.2266|13835.165328725316
9258|69901|81|2|0|1|0.5058|7422.817102811561
8933|69939|40|2|0|1|0.3211|4245.312710784601
9197|70039|59|2|0|1|7.737|42734.675265484286
9196|70101|59|2|0|1|0.4804|2547.6243647968977
9497|70111|9|2|0|0|1.67|5344.567589306278
9374|70112|17|1|0|1|0.62|636.3789741701162
8928|70172|40|2|0|1|1.9222|12378.264676341421
9431|70224|17|2|0|1|0.0869|6312.852057132633
9468|70378|9|2|0|0|2.45|3008.523216285709
9370|70407|17|1|0|1|0.9209|3560.176396757744
9371|70407|87|1|0|0|1.01|2981.8407906549996
8767|70449|59|1|0|1|2.9|8325.246189575166
9473|70520|9|2|0|0|0.0346|401.91785908943643
8845|70598|59|1|0|1|0.8341|7654.837677087125
8846|70598|92|1|0|0|2.2117|9876.27781428059
9262|70604|81|2|0|1|1.2361|7713.928993585138
8758|70620|59|1|0|1|0.85|1147.5935840948957
8935|70658|40|2|0|1|0.2509|2044.7813491293243
9017|70721|15|2|0|1|2.5909|18390.37210148658
9176|70754|59|2|0|1|2.8132|15751.101562966196
8554|71061|32|2|0|1|2.2081|3368.369178951423
9573|71260|26|2|0|1|1.1584|4437.115871115504
9281|71300|26|2|0|1|2.12|11135.530575818757
9280|71300|68|1|0|0|1.9039|6931.7005819228225
9282|71300|84|1|0|0|1.9039|7489.268008264259
9503|71520|9|2|0|0|0.2912|2027.2784473066558
9203|71533|59|2|0|1|1.2264|7148.056367873102
8635|71764|17|2|0|1|0.91|18356.422769403063
8637|71764|23|2|0|1|0.0622|3258.768176785146
8633|71764|32|2|0|1|2.81|13293.856330747558
8634|71764|87|2|0|0|1.68|16591.9375285045
8636|71764|94|2|0|0|6.096|16532.491033028607
9210|71788|59|2|0|1|0.2962|1401.9750953514515
9524|71833|94|2|0|0|1.0259|2636.8480120564072
9264|71993|81|2|0|1|1.2817|12617.96559433186
9587|72027|4|2|1|1|2.76|7695.863250879335
8572|72124|32|2|0|1|0.9395|7451.918604913054
9250|72130|81|2|0|1|4.3341|13679.876644599566
8875|72175|59|1|0|1|0.43|1966.2063917671328
9416|72252|17|1|0|1|0.42|601.5877205474677
8801|72315|59|1|0|1|0.0965|216.2851049475872
9223|72387|59|2|0|1|0.3881|2456.806384571314
8947|72495|17|2|0|1|3.29|18639.745222586018
8946|72495|40|2|0|1|2.86|19071.916419423087
8874|72583|59|1|0|1|0.8782|2541.1012977616183
8959|72803|26|2|0|1|3.38|33486.68028727482
8956|72803|40|2|0|1|1.3463|10937.961267519653
8957|72803|59|2|0|1|2.5891|18244.412327927435
8958|72803|94|2|0|0|0.7963|6794.858982737234
8537|73332|32|2|0|1|0.6041|2632.663311756216
9392|73443|17|1|0|1|0.6416|2764.173641086574
9393|73443|17|2|0|1|0.6416|3474.179832475678
9220|73540|59|2|0|1|0.3201|2290.2747274295484
8752|73580|59|1|0|1|0.6303|1241.4158286599684
8903|73893|40|2|0|1|1.1582|4860.470841051805
9161|74003|59|2|0|1|2.9465|12540.380460180308
9113|74004|52|2|0|1|0.3834|5081.276838255437
8701|74410|32|2|0|1|3.7392|19544.575217130718
9450|74427|17|2|0|1|1.57|7089.867389793083
9150|74473|59|2|0|1|1.7953|10186.66337400896
8817|74722|59|1|0|1|0.6768|2926.962623943825
9407|74812|17|1|0|1|0.28704|416.35219883885674
9598|74974|15|1|0|1|0.2961|483.4132001946614
9020|75037|15|2|0|1|0.5665|2707.602329800669
8736|75065|59|1|0|1|1.66|1943.9970610062333
9458|75075|17|2|0|1|0.74|3047.396265516979
9449|75171|17|2|0|1|1.73|7407.426533725084
8932|75379|40|2|0|1|0.42977|913.8878855705365
8802|75402|59|1|0|1|0.39|2008.1730184686835
9205|75428|59|2|0|1|0.3355|2136.967612862543
9337|75464|81|1|0|1|1.2212|2670.8498021342466
9363|75702|17|1|0|1|3.5176|7942.006898355063
9065|75832|87|2|0|0|0.121|924.1372020811235
9544|76117|87|1|0|0|1.08|7417.891853569364
9563|76134|26|2|0|1|1.2068|6693.372993186146
9218|76361|59|2|0|1|0.4463|2863.441696988069
9011|76459|15|2|0|1|2.3918|19969.71609921639
9013|76459|17|1|0|1|0.9737|7752.435537236667
9014|76459|26|2|0|1|7.5446|72438.00784918664
9012|76459|52|2|0|1|8.5245|72977.72310196726
9342|76476|17|1|0|1|0.7054|2692.123872440681
8631|76588|32|2|0|1|6.8286|22040.394281237997
8632|76588|59|2|0|1|1.3303|11000.249284421452
9427|76698|17|1|0|1|0.5188|1331.5731377998145
8700|76949|32|2|0|1|0.4293|2534.229685548341
9255|76977|81|2|0|1|0.9352|6971.736042179832
8805|77069|59|1|0|1|2.3254|3998.1647484431223
9253|77330|81|2|0|1|1.76|13019.961421877626
8847|77440|59|1|0|1|0.47|2632.039563664668
9119|77527|52|2|0|1|1.12|7159.33554461458
9189|77614|59|2|0|1|0.4619|1412.4592203602465
9384|77616|17|1|0|1|0.6166|1048.5406990820538
8600|77661|32|2|0|1|1.289|2608.249839397131
9165|77844|59|2|0|1|1.0818|5136.3720481487635
9048|77867|81|2|0|1|1.03|3283.607156405356
9047|77867|87|2|0|0|3.22|9011.981698278316
9539|77964|87|1|0|0|0.3064|1232.0328556124603
8964|77984|15|2|0|1|0.6446|2741.0370110791364
8965|77984|59|2|0|1|0.7555666666666667|2786.8576993776032
8966|77984|81|2|0|1|1.5893|3767.276220732546
9169|78210|59|2|0|1|5.6249|17967.553541440386
9295|78229|68|1|0|0|1.162|6558.696902455156
9516|78273|94|2|0|0|1.7842|13546.642191869798
9523|78281|94|2|0|0|3.82|27862.661300534066
9263|78460|81|2|0|1|4.536|38291.27470512266
9581|78565|8|2|0|0|1.057|3040.078231797261
8970|78846|15|2|0|1|0.6955|2776.5250438727885
8971|78846|59|2|0|1|0.7555666666666667|2795.0836798132095
9428|78863|17|2|0|1|2.0094|5694.668019475371
8649|79247|32|2|0|1|3.4083|30029.393634929045
8650|79247|59|2|0|1|1.4779|11766.672993904544
9410|79253|17|1|0|1|0.0282|181.81838636268228
8992|79550|15|2|0|1|2.5369|12177.439145515074
8791|79653|59|1|0|1|3.1556|10859.506733981798
9122|79722|52|2|0|1|0.3581|7520.094033061392
9520|79796|94|2|0|0|2.9977|18045.065464599596
9557|79903|23|2|0|1|1.016|9105.248568298148
8575|80170|32|2|0|1|2.1631|5698.3598497829025
8576|80170|59|2|0|1|1.8688|5662.300534567315
8839|80461|59|1|0|1|0.4008|914.7048110966541
9091|80479|52|2|0|1|5.64|19222.059759839445
8895|80506|40|2|0|1|1.7935|8411.70759602504
9509|80600|52|1|0|1|0.8949|2336.2259334915357
9481|80627|8|2|0|0|3.0|21261.196182135594
9478|80627|9|2|0|0|11.16|49122.80330094221
9479|80627|43|2|0|0|4.24|18112.02821704296
9480|80627|62|2|0|0|1.8|6823.633436064161
9436|80886|17|2|0|1|0.19|6405.907732259615
9452|80942|17|2|0|1|3.9164|18677.36710585244
9285|81034|17|1|0|1|3.07|6587.630096907761
9284|81034|68|1|0|0|4.8904|8993.449384929627
9286|81034|92|1|0|0|3.51|6256.77584853644
9343|81093|17|1|0|1|0.7|2908.2120450734633
8672|81554|32|2|0|1|0.4686|3226.096464172896
9387|81717|17|1|0|1|0.2624|1032.27306860186
9561|82023|43|2|0|0|6.5144|15566.8668641371
9391|82727|17|1|0|1|0.9814|2880.6814013645694
9001|82928|15|2|0|1|3.785|19354.970027095264
9315|82939|68|1|0|0|0.76|2820.6381845565984
9244|83256|59|2|0|1|2.2643|14307.68858623201
9577|83458|10|2|0|1|1.8125|10082.534096109932
9576|83458|26|2|0|1|1.0167|6603.951772001401
8734|83472|17|1|0|1|7.42|32152.809323347625
8732|83472|59|1|0|1|16.46|59759.69126924472
8733|83472|81|1|0|1|8.0|16025.319698885454
9006|84051|15|2|0|1|4.1|19343.53381187668
9008|84051|23|2|0|1|3.8|29187.272779447492
9007|84051|59|2|0|1|3.0|14544.467554634644
8713|84174|15|2|0|1|2.74|7017.392685660709
8711|84174|32|2|0|1|2.628|6815.440010942167
8712|84174|40|2|0|1|3.06|6670.197948301677
9162|84183|59|2|0|1|0.6629|2702.755785999597
8843|84287|59|1|0|1|0.3975|900.2743483065268
9412|84380|17|1|0|1|0.1183|289.3147509862822
9522|84413|94|2|0|0|1.3638|10369.008704489708
9323|84482|81|1|0|1|4.9577|24245.305692851856
8571|84518|32|2|0|1|0.36|3179.3947992340795
8741|84613|59|1|0|1|5.5066|17990.299351597452
8742|84613|81|1|0|1|1.1581|7807.819898629704
9591|84689|92|1|0|0|1.1398|3058.531227042253
8705|84804|17|2|0|1|1.66|7714.942030129394
8704|84804|32|2|0|1|17.1833|114423.42268375536
8582|84904|32|2|0|1|1.021|5401.421583813629
9274|84948|68|1|0|0|2.3375|5689.36180455532
8977|85001|15|2|0|1|0.7811|5026.78298765787
9411|85201|17|1|0|1|0.1584|335.0990984063839
9187|85203|59|2|0|1|0.8159|2511.836389808739
8822|85407|59|1|0|1|0.5971|2248.567203661439
9194|85414|59|2|0|1|2.55|13706.332845188028
9010|85515|15|2|0|1|1.8689|13346.789578121805
9550|85546|23|2|0|1|7.1294|17623.862376166493
8643|85548|26|2|0|1|3.6318|22064.027037906744
8641|85548|32|2|0|1|1.61|10949.847180022498
8642|85548|40|2|0|1|1.03|4777.19360834961
8753|85756|59|1|0|1|3.3923|4029.071871837802
9059|85840|81|1|0|1|1.4|6313.897307523084
9058|85840|87|2|0|0|1.85|18334.644796239838
9231|85855|59|2|0|1|0.9497|8849.709773632865
9136|85924|52|2|0|1|0.42|2819.928474715479
9469|85950|9|2|0|0|2.17|7377.31958989227
9470|85950|94|2|0|0|0.66|4337.057865754168
9064|85952|87|2|0|0|0.5336|2770.955288205939
8669|85984|32|2|0|1|4.37|24024.060538944163
8670|85984|59|2|0|1|4.6|26919.224124349752
9584|86182|84|2|0|0|0.1759|1663.7697689255324
9211|86229|59|2|0|1|0.1187|780.6985598541266
9398|86237|17|1|0|1|0.1655|348.57636369823115
9100|86267|52|2|0|1|0.44|1968.2236995526534
8868|86271|40|2|0|1|0.6|2174.351838140297
8867|86271|59|1|0|1|1.001|2854.3371814204816
8870|86271|59|2|0|1|1.001|2675.9525473049584
8869|86271|87|2|0|0|1.4113|11397.45137974892
8878|86542|59|1|0|1|0.61|3598.687256167339
8731|86582|17|1|0|1|3.8066364341085266|38114.97798953354
8730|86582|59|1|0|1|6.418055555555557|7831.441249349571
9570|86743|26|2|0|1|1.77|9442.868204532164
9108|86749|52|2|0|1|1.55|5192.667379181192
9526|86767|94|2|0|0|0.6348|6199.964228703824
9115|86901|52|2|0|1|1.27|5071.933553470327
8950|86916|40|2|0|1|4.6468|34519.96271496634
8546|87125|17|2|0|1|0.43|6428.490033354133
8545|87125|32|2|0|1|0.244|6825.967332339434
8747|87201|59|1|0|1|0.416|3522.926040667116
9207|87207|59|2|0|1|0.33|1280.7959639310177
8598|87293|32|2|0|1|2.7309|25468.14066765166
8599|87293|59|2|0|1|1.2014|11933.481358898702
9002|87434|15|2|0|1|2.43|13283.425284744857
9199|87539|59|2|0|1|0.322|1957.622894836568
9499|87552|9|2|0|0|0.77|2593.494038222707
8756|87664|59|1|0|1|2.09|1929.0724232506518
8603|87873|32|2|0|1|1.3747|10030.519109159666
8604|87873|59|1|0|1|5.9563|15386.772090729724
8605|87873|59|2|0|1|5.9563|16597.990362216562
8976|87878|15|2|0|1|6.9837|33177.68460915358
9505|88023|9|2|0|0|0.2624|1443.0621555937023
9375|88040|17|1|0|1|3.2779|8987.321907297133
9376|88040|92|1|0|0|0.5|3181.9943316295144
9538|88205|87|1|0|0|0.5341|2661.8256763093
9531|88517|87|1|0|0|0.941|7036.748455056654
9555|88525|23|2|0|1|2.06|7110.782845970821
9451|88691|17|2|0|1|2.453|10149.8833325398
9512|88841|52|1|0|1|0.8096|2953.9054257969688
8962|88928|40|2|0|1|4.5727|40383.56717721136
8963|88928|52|2|0|1|1.6099|13133.40774111414
8655|89417|23|2|0|1|2.9756|15499.49993338209
8653|89417|32|2|0|1|1.3|10254.75481703822
8654|89417|59|2|0|1|3.96|30047.378095072145
9009|89430|15|2|0|1|0.78|3063.163932083291
8899|89440|26|2|0|1|4.5|26189.641228579163
8898|89440|40|2|0|1|2.16|14686.0034626524
8638|89602|32|2|0|1|4.3488|12795.81297191431
9090|89768|52|2|0|1|2.5313|6240.969875956327
9419|89835|17|1|0|1|0.193|543.060438931064
9397|89842|17|1|0|1|0.2143|1135.4712678289266
8989|90076|15|2|0|1|0.189|1687.399186901108
9476|90202|9|2|0|0|1.9441|6828.230663749733
9415|90227|17|1|0|1|1.66|2321.9142144832945
9226|90537|59|2|0|1|0.469|2972.32496806247
8865|90597|59|1|0|1|1.93|5769.02457016832
9163|90901|59|2|0|1|7.236|29266.47169071168
9483|90980|9|2|0|0|0.6787|7820.9205650766335
8743|91094|59|1|0|1|0.93|6586.523646544968
8625|91148|23|2|0|1|2.4211|14242.013243312133
8624|91148|32|2|0|1|1.58|10349.855243737624
8873|91178|59|1|0|1|0.279|6250.772245093719
9461|91179|9|2|0|0|2.0044|7833.312279311237
9460|91179|17|2|0|1|1.1188|7917.991329856595
8939|91249|40|2|0|1|1.42|7895.583851340814
8838|91435|59|1|0|1|0.0908|440.6196646515683
9230|91517|59|2|0|1|0.1383|906.1456705442434
8920|91543|40|2|0|1|0.2663|1284.2980615642164
8665|91752|32|2|0|1|1.0168|4889.385370184211
9551|91794|23|2|0|1|0.7848|3969.9511964801613
9600|91845|38|2|0|0|0.69|5550.609787721448
9028|91975|15|2|0|1|0.2627|1348.5488312203454
9045|92013|87|2|0|0|5.1275|14980.581594048399
9580|92023|8|2|0|0|2.3639|11143.640534526372
8885|92027|59|1|0|1|0.43|6348.350053512118
8896|92099|40|2|0|1|0.8439|2331.3416839331944
9272|92218|68|1|0|0|1.6952|5285.200774912539
9273|92218|94|2|0|0|2.11|7064.866546404203
8595|92490|32|2|0|1|0.9995|7974.211792685031
8737|92531|59|1|0|1|0.82|2748.0589747278113
8738|92531|59|2|0|1|0.82|3294.228342305722
8675|92556|15|2|0|1|1.689|13097.053965386978
8674|92556|32|2|0|1|1.2623|9846.500770836283
9276|92583|17|1|0|1|1.56|2393.6306728289364
9278|92583|43|2|0|0|2.287|11926.057521321887
9275|92583|68|1|0|0|1.8|5198.836963900876
9279|92583|84|2|0|0|1.28|5432.091259884615
9277|92583|87|1|0|0|2.0|5241.622736322799
9378|92853|17|1|0|1|0.5109|618.84972916123
9426|92933|17|1|0|1|0.2033|1324.9065085825548
8779|93168|59|1|0|1|1.23|4715.793915473061
8894|93182|40|2|0|1|0.7699|4268.7222332429465
9362|93228|17|1|0|1|0.4673|2444.0265019930666
9186|93417|59|2|0|1|1.4687|10822.78404397768
9366|93435|17|1|0|1|2.13|9639.178543075332
9367|93435|26|2|0|1|0.88|5907.5525197039215
8856|93498|59|1|0|1|5.0336|33546.79375434388
9592|93510|92|1|0|0|0.08|546.1595977347902
8774|93538|17|1|0|1|3.95|8949.380970801893
8773|93538|59|1|0|1|3.2279|8161.156409403406
9077|93922|59|2|0|1|3.1367|25165.918658839528
9076|93922|87|2|0|0|4.914|45147.49411582358
9166|93970|59|2|0|1|1.1155|5197.10595163722
9084|94033|52|2|0|1|2.0521|10925.873693670956
9248|94181|81|2|0|1|2.7883|11724.794015911508
9249|94181|84|2|0|0|0.5585|3998.2683648288566
8682|94553|32|2|0|1|3.4|26736.18871539016
8683|94553|59|2|0|1|3.256|22193.46342910272
9517|94554|94|2|0|0|2.340479|15218.227255111076
9240|94589|59|2|0|1|0.2133|1297.8256707966268
8578|94886|32|2|0|1|3.5729|30899.045351230303
8563|94968|32|2|0|1|2.14|13386.415965751337
9344|95008|17|1|0|1|0.5394|3343.6166837734
8997|95011|15|2|0|1|0.1441|2067.9843043594865
9188|95018|59|2|0|1|0.4685|1430.0741580980632
8960|95287|40|2|0|1|1.7539|13168.473019790481
9016|95311|15|2|0|1|0.79|3513.733583642567
8703|95319|32|2|0|1|0.9969|6960.291737154106
9507|95372|52|1|0|1|1.1195|5372.797530311238
9302|95396|68|1|0|0|1.45|5233.167252718065
9235|95476|17|2|0|1|4.07|24632.409925981872
9232|95476|59|2|0|1|2.0438|11663.52867798179
9234|95476|68|1|0|0|2.71|8798.18278110473
9233|95476|81|2|0|1|1.9108|17915.915531659826
9542|95601|87|1|0|0|1.19|8173.059668021644
8830|95661|59|1|0|1|0.61|2752.5239558318035
8796|95678|17|1|0|1|9.52|62934.54361618406
8795|95678|52|2|0|1|4.02|50041.239506154176
8794|95678|59|1|0|1|20.82|58177.38191180624
8797|95678|94|2|0|0|9.7353|49795.65100131184
9388|95961|17|1|0|1|0.4055|1351.7790550663108
9259|95974|81|2|0|1|0.3746|7383.9468261104785
9408|96004|17|1|0|1|0.8502|835.4348175899581
9404|96038|17|1|0|1|0.31|2024.261567712936
9545|96379|87|1|0|0|0.6912|4138.3785415113225
9353|96414|17|1|0|1|0.3349|2246.3132385286835
9243|96832|59|2|0|1|0.4201|10487.619985822777
9357|96847|17|1|0|1|2.06|1384.796139235831
9547|96975|23|2|0|1|2.022|9032.42724954478
9159|97172|59|2|0|1|2.6984|5312.070032166691
8860|97437|38|2|0|0|3.53|15887.898939373204
8859|97437|59|1|0|1|0.7793|5039.506959252919
9148|97574|59|2|0|1|2.72|9900.075753609408
9297|97661|68|1|0|0|3.52|9609.807648471047
9510|97695|52|1|0|1|0.4164|2399.722800671396
8759|97861|59|1|0|1|1.75|2903.8188101930264
9293|97942|68|1|0|0|2.58|3842.313445696472
9294|97942|81|1|0|1|0.1925|1030.386270512878
8840|97945|59|1|0|1|0.406|1430.3688249518736
9106|98118|17|2|0|1|0.83|3496.6700304761657
9104|98118|52|2|0|1|2.18|8169.822935263718
9105|98118|59|2|0|1|0.88|3484.4239597660144
9171|98140|26|2|0|1|3.56095|24226.304922787203
9170|98140|59|2|0|1|4.59|18360.6776491462
9541|98248|87|1|0|0|0.5191|3255.0359629657537
8690|98265|32|2|0|1|1.41|13196.392712624704
8931|98346|40|2|0|1|0.649|3713.7378306782734
8862|98490|59|1|0|1|0.41|3211.9210842853713
9401|98571|17|1|0|1|0.2463|446.59133572287965
9502|98646|9|2|0|0|3.23|13696.04241009436
9156|98747|9|2|0|0|3.32|12281.10883896887
9155|98747|59|2|0|1|2.1089|9997.9043086509
8528|98814|32|2|0|1|3.3267|19579.286877110524
8529|98814|40|2|0|1|2.7724|12911.934286746371
9521|98825|94|2|0|0|2.4491|15744.676877853479
9124|98871|52|2|0|1|0.2429|1026.9193258831772
9300|98995|17|1|0|1|0.344|1496.6341371782285
9299|98995|68|1|0|0|0.5746|2504.0290716330596
9114|99108|52|2|0|1|1.611|6110.809816951792
9444|99146|17|2|0|1|0.8314|4500.063314242674
9236|99282|59|2|0|1|1.6244|7556.9534594481265
9117|99377|52|2|0|1|0.65|2102.586811657145
9320|99693|81|1|0|1|6.3397|28774.980420976597
9036|99793|52|2|0|1|0.1326|10171.24011175489
9035|99793|87|2|0|0|0.0189|9664.742361209781
