439|9|2|0|0|1.08|3244.221645159356
447|40|2|0|1|0.4694|2336.3269897593873
523|32|2|0|1|0.6478|1672.9643697017768
702|59|2|0|1|1.1331|4733.442495133371
797|59|1|0|1|7.5143|11165.91946236825
797|68|1|0|0|2.3854|7602.92971212658
812|68|1|0|0|0.5741|3019.5396972472245
917|59|1|0|1|1.2795|2808.026760989665
966|32|2|0|1|0.6647|1655.3732091696063
1022|17|2|0|1|0.4694|2912.4439180468507
1133|17|2|0|1|0.0969|859.934135371205
1142|59|1|0|1|0.85|1250.4094531354897
1190|59|2|0|1|2.4615|10819.250984755403
1270|9|2|0|0|2.48|9038.887020924018
1270|94|2|0|0|0.37|1518.635745873093
1554|32|2|0|1|0.0646|829.1158267025608
1592|32|2|0|1|3.6637|7240.36601615513
1777|59|1|0|1|0.2944|331.872244568375
2083|15|2|0|1|2.7954|8755.188170999365
2083|26|2|0|1|8.089|15221.80241662304
2083|52|2|0|1|3.3068|10494.81898466729
2083|59|1|0|1|7.944|9189.972244542116
2360|59|2|0|1|6.2374|20534.471966981466
2486|68|1|0|0|1.3553|8050.512913794395
2584|52|1|0|1|0.9767|3583.9582889095605
2716|26|2|0|1|3.757|19256.79244862862
2821|59|2|0|1|3.1242|15601.057984106947
2874|87|1|0|0|0.12|704.1145334207563
2891|59|1|0|1|0.4741|3856.0836489853937
2913|52|2|0|1|1.331|8847.63211047058
2916|17|1|0|1|3.728|4107.441866450801
2916|32|2|0|1|2.26|8550.135410944094
2916|59|2|0|1|1.26|5343.818874119873
3014|17|1|0|1|0.4181|496.031293129759
3032|59|1|0|1|0.2199|346.4464505340899
3091|81|1|0|1|3.91|15558.021186978049
3316|68|1|0|0|0.6748|1254.579131568528
3494|59|1|0|1|0.2232|842.4564084702205
3555|59|1|0|1|2.45|14569.430182977414
3643|40|2|0|1|1.2752|8995.608201578983
3710|59|1|0|1|0.5372|1357.300530957431
3931|17|1|0|1|1.2231|2605.883084395199
4024|15|2|0|1|0.6622|2447.5060482982844
4024|32|2|0|1|21.11|61135.30035431923
4024|40|2|0|1|18.1746|25122.368458858175
4024|52|2|0|1|8.0726|23074.168090461415
4024|59|2|0|1|1.122|7229.206494220423
4024|81|2|0|1|13.86|25919.015942328297
4024|87|2|0|0|11.9238|50396.80372183806
4052|17|2|0|1|4.68|14570.723735294214
4377|9|2|0|0|1.781|5866.786305625299
4926|32|2|0|1|1.18|6798.461316858914
4990|15|2|0|1|1.5077|10871.536167061453
5062|9|2|0|0|0.0267|311.8920971850511
5062|59|2|0|1|0.0531|334.2529216914198
5142|17|2|0|1|0.3247|1521.2192125221159
5142|52|2|0|1|0.7263|3103.2108771578223
5142|59|2|0|1|0.5946|1786.8181119545009
5377|40|2|0|1|1.6499|4004.3273195535007
5380|40|2|0|1|1.28|5224.4082511723145
5462|81|1|0|1|0.4257|1539.111260644938
5498|15|2|0|1|1.1028|6832.704519206623
5498|23|2|0|1|0.91|3904.826747670772
5548|59|2|0|1|0.2809|1816.1052625749116
5638|59|1|0|1|0.49|681.1685801575507
5696|59|1|0|1|7.62|8941.524771679562
5760|40|2|0|1|1.1759|8355.224635842587
5844|26|2|0|1|1.81|11001.20738670106
5897|15|2|0|1|2.1251|14178.264312040734
6132|52|2|0|1|0.11|459.95929109483563
6307|17|1|0|1|1.176|4895.231398338493
6454|94|2|0|0|4.7932|22243.600331896
6732|59|1|0|1|0.1649|502.0249042408552
6950|59|2|0|1|0.0304|359.7216429695582
7104|9|2|0|0|0.5047|3245.5954136745777
8269|32|2|0|1|1.54|13399.641862955981
8623|26|2|0|1|0.57|2817.2285504894744
8690|43|2|0|0|0.5042|2733.4362356897977
8954|32|2|0|1|0.76|3665.871669785534
8982|17|2|0|1|0.6629|3308.142754074572
8986|59|2|0|1|0.3962|1739.80530536808
9006|59|2|0|1|1.43|4688.565127415155
9086|26|2|0|1|0.78|7198.102471471848
9086|52|2|0|1|0.78|5030.9567879673195
9158|9|2|0|0|2.06|8027.678870329563
9209|59|2|0|1|0.6762|2795.4803355278955
9270|15|2|0|1|3.3018|16985.326795070243
9270|94|2|0|0|1.1171|7084.193844232217
9474|68|1|0|0|0.146|596.4809522773137
9594|59|1|0|1|0.1325|701.2128434447295
9609|17|1|0|1|0.8|2868.442266646876
9613|55|2|0|1|2.36|12987.934017952315
9925|26|2|0|1|4.8852|19774.8046309502
9944|17|2|0|1|1.911|8947.958000024035
9944|32|2|0|1|0.9|4126.993121354718
10091|87|1|0|0|0.5145|3747.6146661521384
10117|59|2|0|1|0.406|2683.969867576752
10133|17|2|0|1|0.9137|3585.802884404291
10376|9|2|0|0|9.8|22659.81548735529
10376|59|2|0|1|10.31|30160.370277441023
10547|15|2|0|1|1.4118|4976.658780068256
10999|32|2|0|1|0.73|1743.1325616550184
11208|40|2|0|1|3.46|22785.261382515637
11220|15|2|0|1|1.81|12270.099317118113
11220|87|2|0|0|2.02|16431.155266534774
11395|17|1|0|1|5.2841|17733.97133045457
11395|59|1|0|1|4.567|10822.471262230682
11395|59|2|0|1|4.567|26267.82028118025
11536|32|2|0|1|1.26|7142.906517815387
11559|17|1|0|1|0.43|2263.9047207522726
11587|9|2|0|0|7.9236|13688.953237893673
11587|59|2|0|1|3.0067|6575.215077961233
12086|87|1|0|0|3.1242|17275.56342092149
12136|59|2|0|1|0.0238|811.8442085741054
12574|32|2|0|1|1.6552|10585.075745350692
12592|59|1|0|1|0.0833|296.580020132117
12622|17|2|0|1|1.31|4721.7850521935125
12869|87|2|0|0|3.9|16030.251385995653
12869|94|2|0|0|3.0351|10115.066074810975
12930|40|1|0|1|0.8749|2724.8643968565298
12970|17|1|0|1|0.5989|3644.03047058772
13040|9|2|0|0|2.96|16729.559658190923
13054|15|2|0|1|1.951|8540.037966359616
13054|59|2|0|1|0.7555666666666667|4402.657598604098
13054|81|2|0|1|1.3815|5436.432503691356
13154|15|2|0|1|2.67|14574.595261915127
13199|68|1|0|0|0.212|1921.5255513664106
13303|32|2|0|1|0.8186|5515.849673502874
13313|17|2|0|1|1.85|7471.299447930767
13313|32|2|0|1|4.5686|18466.702439305627
13333|94|2|0|0|1.4597|8627.589200472416
13439|32|2|0|1|1.3984|3977.744259614259
13450|17|1|0|1|1.17|4341.6491857859855
13488|15|1|0|1|0.163|525.9226355140469
13581|17|1|0|1|1.76|7249.960225541073
13708|52|2|0|1|1.13|6623.659739858347
13733|59|1|0|1|1.9584|4001.933263747704
13751|52|2|0|1|4.83|24796.087307250258
13822|59|2|0|1|0.42|2397.077388273172
13847|87|1|0|0|0.9759|2818.2622134242747
13871|17|1|0|1|1.4984|3337.260386550143
13871|32|2|0|1|1.0534|8391.08922029158
13871|59|1|0|1|1.41|3239.3206012344176
13871|68|1|0|0|0.7219|8315.903994213062
13981|68|1|0|0|4.51|12823.520837869286
14470|17|2|0|1|2.7919|14647.110012741316
14470|32|2|0|1|6.1315|54448.16042212287
14470|59|2|0|1|0.7824|4945.167575049282
14671|17|2|0|1|0.0342|817.04512356995
14735|26|2|0|1|1.3853|4981.24217650109
14843|43|2|0|0|2.73|12667.812133563677
14843|62|2|0|0|9.6708|38951.666034848124
14843|87|2|0|0|10.7223|75805.61913372458
15071|81|2|0|1|1.61|7002.83742528675
15217|23|2|0|1|2.3316|8819.788322456487
15217|32|2|0|1|2.13|7768.894634760047
15217|87|2|0|0|3.4566|14715.148252753368
15228|81|2|0|1|0.7268|4143.054307945188
15328|59|2|0|1|0.3999|1724.149657024469
15443|87|1|0|0|0.37|2005.6721204899982
15770|32|2|0|1|0.3742|2137.487268717597
16282|59|2|0|1|0.7494|3397.8325184624437
16355|17|2|0|1|0.03|810.2521878978719
16488|32|2|0|1|2.7417|15979.42138606157
16613|94|2|0|0|2.71|8533.135983011201
16692|15|2|0|1|0.7038|2756.982916814968
16692|32|2|0|1|3.7134|9492.709763062352
16692|59|2|0|1|0.7555666666666667|2797.7962465911555
16864|32|2|0|1|13.5944|72253.19302413848
16921|40|2|0|1|3.126|15651.496415201922
16975|23|2|0|1|2.27|8851.075710173016
17034|59|1|0|1|0.83|3429.5776424076003
17043|23|2|0|1|2.709|9761.71515129901
17068|68|1|0|0|0.3|1944.5995799271113
17183|43|2|0|0|0.6839|2857.3475105372477
17321|9|1|0|0|0.6409|2533.5786456466008
17343|59|2|0|1|0.1866|1622.2508188219053
17378|17|1|0|1|0.15|328.7952241984404
17407|59|1|0|1|1.8279|8701.685551106055
17413|81|1|0|1|0.5671|1555.2188523536606
17434|17|1|0|1|0.2711|487.1943251263175
17552|59|1|0|1|0.5619|2300.8219549366336
17552|68|1|0|0|0.7814|2407.037176529995
17818|17|1|0|1|0.2068|364.9238159919249
17977|92|1|0|0|1.3546|14664.148091076755
18082|32|2|0|1|2.6331|15560.104203770135
18094|59|2|0|1|0.1364|771.0385521621824
18103|59|2|0|1|2.2225|6054.057180328957
18139|52|2|0|1|1.5088|6412.152284202242
18158|81|1|0|1|1.85|6019.977991862876
18158|81|2|0|1|1.85|7647.094045155234
18318|81|2|0|1|0.8953|6503.140384752123
18372|32|2|0|1|0.706|8544.56815344155
18408|59|2|0|1|0.502|2205.6442039287153
18410|32|2|0|1|1.03|5057.87253797776
18438|59|2|0|1|4.3138|16679.959887957273
18515|32|2|0|1|0.0799|675.291181832473
18581|59|2|0|1|0.2045|1284.3130000049239
18632|52|1|0|1|8.0|3248.0407726739663
18632|52|2|0|1|8.0|32576.515728995717
18976|32|2|0|1|2.08|14481.711676530547
19067|32|2|0|1|0.19|1165.7784553600168
19067|59|1|0|1|0.525|1182.7067204561004
19067|68|1|0|0|1.631212|6132.635273295076
19179|15|2|0|1|1.956|14492.150037665904
19272|81|1|1|1|1.88|3088.56658048771
19515|32|2|0|1|5.0139|19716.189656237784
19679|15|2|0|1|3.14|15572.72184204722
19679|32|2|0|1|4.6865|30414.23719461149
19679|52|2|0|1|2.6172|15253.207601260787
19679|81|2|0|1|2.1638|15191.013843919818
19740|17|2|0|1|1.32|5540.702534012814
19740|32|2|0|1|0.39|1960.485248791631
20041|40|2|0|1|2.919|22768.95217517822
20041|59|2|0|1|9.8532|44335.37507692782
20041|65|2|0|1|3.657|31016.69578942673
20082|15|2|0|1|1.47|6189.390238377375
20253|59|2|0|1|0.4484|2101.573532383831
20693|4|2|1|1|7.175|13134.251679815634
20693|15|2|1|1|5.75|22356.48291150579
20693|26|2|1|1|1.32|5635.182252435228
20693|52|2|1|1|3.23|7477.612633093452
20881|17|1|0|1|0.7|2559.4484872880594
20934|59|1|0|1|2.79|3233.0319584207186
20943|32|2|0|1|1.41|3495.5825979114575
21119|17|1|0|1|0.259|486.9396180407497
21119|59|1|0|1|0.2074|228.50432540728616
21215|17|1|0|1|0.2345|1009.0357277409357
21394|52|2|0|1|0.342|2038.5110088632002
21481|52|2|0|1|0.2451|1021.6300273367538
21798|59|1|0|1|2.0239|5474.283661562557
21807|59|1|0|1|1.0247|3481.603521383
22092|59|1|0|1|1.2258|4243.692627412409
22294|17|1|0|1|0.4757|1989.071806161893
22630|59|1|0|1|0.8301|5667.856985139644
22639|40|2|0|1|0.2811|2004.9409176110828
22768|59|1|0|1|0.8675|2707.4453629426034
22879|17|1|0|1|1.65|9072.566211086574
22879|87|1|0|0|1.67|11152.147269085319
22976|32|2|0|1|1.8964|10852.08008518806
23093|40|2|0|1|2.8415|16091.26547647972
23093|52|1|0|1|1.1341|1197.3286295677135
23093|52|2|0|1|1.1341|4582.464278850422
23421|17|1|0|1|0.83|1347.439918742854
23530|32|2|0|1|0.0219|837.8426969815382
23630|17|1|0|1|1.5357|5720.724221812028
23668|59|2|0|1|1.19|8249.721156683372
23812|59|2|0|1|0.3129|1994.7040968916067
23846|59|2|0|1|1.2593|7013.795268899958
23942|81|2|0|1|0.5728|4153.650699506052
23974|59|1|0|1|0.5851|2647.5835007563746
23983|32|2|0|1|1.01|2184.7604411929615
24065|94|2|0|0|2.08|11098.188308189609
24195|87|1|0|0|0.675|3746.1163326996343
24195|87|2|0|0|0.73|6071.78871146575
24382|59|2|0|1|0.783|3571.8904187165595
24392|40|2|0|1|0.6393|4350.394777209804
24404|32|2|0|1|9.3728|29861.439639856602
24404|81|2|0|1|8.51|25700.40806804717
24945|32|2|0|1|0.6863|4085.517303790037
24951|17|1|0|1|0.9481|2225.685025168289
25015|32|2|0|1|1.5964|11308.651621501183
25026|9|2|0|0|2.409|7628.14731585812
25104|23|2|0|1|2.2612|13623.089806561535
25104|52|2|0|1|3.6197|20758.65133830417
25104|59|2|0|1|3.4845|30809.62825695309
25377|59|1|0|1|2.5375|3531.6315656003176
25422|59|1|0|1|1.8072|6191.71688928557
25422|68|1|0|0|1.2775|3738.678703942461
25627|26|2|0|1|0.6838|6925.330195496356
25671|9|2|0|0|3.2396|7123.611953776212
25671|15|2|0|1|2.8168|9623.42605782164
25816|81|1|0|1|1.37|5041.351182546509
25825|17|1|0|1|0.89|4056.5264277405786
25885|52|2|0|1|0.06|423.43311928499264
25887|68|1|0|0|1.39|2375.059103490426
26094|17|1|0|1|0.28|1830.9142653465826
26390|17|1|0|1|0.5|1049.1505007950377
26539|15|2|0|1|2.38|12748.22817911983
26725|68|1|0|0|0.15|1033.7968582624603
26725|87|1|0|0|0.66|1824.1148686137833
26730|17|1|0|1|0.64|812.5844203620684
26807|17|2|0|1|0.5169|2343.1112727055925
26831|40|2|0|1|0.1712|893.0929330480769
26954|59|1|0|1|1.56|4634.013998871935
26979|17|1|0|1|2.14|2172.6079651440655
26979|59|1|0|1|0.1756|4553.495715378265
27129|59|1|0|1|0.6496|3920.434286685968
27166|59|1|0|1|0.0817|328.1578833441895
27224|40|2|0|1|0.4102|3684.3972731626754
27515|32|2|0|1|0.0143|861.5807379144388
27546|32|2|0|1|0.6097|4368.210247405204
27629|32|2|0|1|2.7648|14962.211464750795
27761|59|1|0|1|0.975|4367.425141473674
27819|17|1|0|1|9.4593|35132.48406489023
27922|81|1|0|1|1.0517|3084.549096651459
28134|59|1|0|1|1.8871|4205.1062343269705
28137|59|2|0|1|0.7|3374.5551749129545
28137|87|2|0|0|2.65|22396.606668208704
28156|59|1|0|1|1.63|6136.8063507299385
28362|9|2|0|0|0.7653|3047.563274909918
28410|17|2|0|1|5.1866|21187.63768214128
28477|32|2|0|1|0.62|4665.745131562895
28847|52|2|0|1|0.7292|4040.616414036101
28861|17|1|0|1|1.081|4507.888567036589
29262|23|2|0|1|1.4774|8502.532829395328
29262|59|2|0|1|4.08|23591.66505433368
29666|59|2|0|1|1.17|8040.901361550242
29831|59|1|0|1|0.472|1098.5579374230213
30114|59|2|0|1|1.51|6412.963153820543
30139|32|2|0|1|1.86|11581.47709224911
30409|15|2|0|1|0.372|1708.560830755151
30423|17|1|0|1|0.9478|3741.4829402112914
30628|81|1|0|1|3.1766|4885.4870541937535
30652|52|2|0|1|0.4784|2618.8439910350803
30771|9|2|0|0|2.68|12171.80357763341
30936|59|1|0|1|0.4142|412.84640106389423
31012|68|1|0|0|3.22|6936.38473016922
31153|32|2|0|1|0.0995|2211.7746195090467
31551|59|1|0|1|0.95|4645.4653836067
31565|68|1|0|0|2.99|7075.789696601458
31622|59|2|0|1|0.4247|2721.371006317062
31836|87|1|0|0|1.331|6466.556324194684
31836|87|2|0|0|1.331|7299.356513699314
31838|68|1|0|0|1.38|4574.652711994451
31890|68|1|0|0|1.0427|4277.737054718918
31899|17|1|0|1|1.34|5164.421480007726
32006|94|2|0|0|0.2295|1918.2503850619833
32060|17|1|0|1|6.8092|28658.420488913525
32060|81|1|0|1|4.8256|26098.112903282366
32437|59|2|0|1|0.7072|2935.7183846446005
32572|32|2|0|1|0.0318|831.3149038397631
32660|17|1|0|1|1.1505|1944.124946996691
32681|68|1|0|0|0.5732|3373.9461945336952
32730|59|2|0|1|1.2399|8191.46247714042
32795|26|2|0|1|2.6343|11727.501516640255
32795|32|2|0|1|5.12|39443.66743744083
32795|59|2|0|1|3.84|23757.48778040141
32896|94|2|0|0|1.5161|11820.08867757844
32986|17|1|0|1|0.2093|387.8804671949154
32997|32|2|0|1|3.4711|11450.39753212681
32997|40|2|0|1|2.63|7685.595911655715
33084|59|1|0|1|0.3748|715.7262243018641
33248|81|2|0|1|4.2851|38654.63765574569
33428|59|2|0|1|2.94|14152.901613163389
33453|32|2|0|1|1.32|9066.225178837789
33486|17|2|0|1|8.51|49987.07511371191
33486|55|2|0|1|4.2494|13635.950512706742
34190|68|1|0|0|3.7789|10662.477246815783
34244|32|2|0|1|5.19|9638.206482233905
34315|59|1|0|1|0.4126|2424.5814837268435
34407|92|1|0|0|0.69|1263.2286123869737
34500|32|2|0|1|2.9517|5755.7766206470105
34512|59|1|0|1|4.8541|22480.024668460763
34775|81|2|0|1|3.0631|14202.824673300393
34853|59|2|0|1|0.4378|2162.8298709049627
34922|9|2|0|0|1.3416|7425.592666947861
34977|4|2|1|1|1.23|3971.4961781834636
35052|87|2|0|0|1.3029|11159.745807518198
35100|32|2|0|1|0.86|6065.293307751554
35271|40|2|0|1|5.8772|34604.53524177449
35284|59|1|0|1|0.8183|1885.8855323113735
35287|87|2|0|0|7.593|46893.294558874724
35465|32|2|0|1|3.8165|15799.17488763293
35689|68|1|0|0|0.5907|2223.1685410250025
35719|40|2|0|1|0.8782|8508.75021421917
35819|52|2|0|1|0.4725|2155.691655618425
35888|59|1|0|1|1.0572|1360.0487933326574
36088|59|2|0|1|1.9915|6576.417890277125
36094|94|2|0|0|1.5479|5466.038812825649
36122|59|1|0|1|0.9166|6555.428618677143
36123|15|2|0|1|6.72|41422.740410756305
36258|17|1|0|1|1.97|5929.531481571301
36331|59|1|0|1|0.78|3847.9017863576923
36468|15|2|0|1|1.9141|15200.554050514891
36535|17|1|0|1|1.6|2525.4336447815253
36535|59|1|0|1|1.6|1432.8737148370385
36708|40|2|0|1|0.5462|2477.1002362170343
36918|17|1|0|1|2.0733|6023.795748810167
37005|81|1|0|1|3.74|20418.75679115722
37371|32|2|0|1|1.1643|5657.713107854564
37461|52|2|0|1|3.68|23829.291500148433
37661|59|1|0|1|0.9008|6105.781091751444
37826|17|2|0|1|10.1482|76290.64474833026
37826|32|2|0|1|4.4695|17284.226550605472
38025|59|1|0|1|3.94|16861.867033394316
38272|17|1|0|1|1.4393|6135.731904110309
38272|52|2|0|1|0.9413|3985.5509673429046
38272|71|1|0|1|1.06|1694.2654734570156
38272|81|1|0|1|2.95|8924.925774899324
38272|87|1|0|0|1.63|2938.937549070555
38443|17|1|0|1|1.1093|4772.465910756851
38454|32|2|0|1|1.0169|5192.45306351645
38481|81|1|0|1|1.1017|2221.9791946313817
38512|17|2|0|1|4.99|19637.845873661376
38557|59|1|0|1|0.2297|761.4174087443475
38645|68|1|0|0|0.49|2080.9723572139915
38764|40|2|0|1|0.8051|3367.0569339301665
38795|40|2|0|1|2.18|11487.940494400067
39040|81|2|0|1|2.5438|19603.053651613398
39112|32|2|0|1|5.68|20173.36889775228
39261|87|1|0|0|1.08|4883.928796477253
39261|87|2|0|0|1.08|3348.6444459788763
39261|94|2|0|0|2.4291|10111.902473203161
39276|17|2|0|1|0.3938|2204.620915308119
39360|32|2|0|1|3.08|4998.61964116387
39495|17|1|0|1|3.76|8713.376816149119
39664|59|1|0|1|1.122|1616.7419546353362
39664|59|2|0|1|1.122|4232.479126029458
39664|68|1|0|0|1.4329|3940.8929396421577
39939|87|2|0|0|0.6882|8952.193442297717
39979|17|1|0|1|0.7419|2975.8839789536455
40200|71|1|0|1|1.774|2315.1397508170676
40204|17|2|0|1|0.2543|1138.3682778845766
40352|32|2|0|1|0.35|2323.1503678380295
40447|26|2|0|1|1.4783|9148.431632094049
41027|32|2|0|1|1.877|9193.945777636402
41398|17|2|0|1|0.9908|4351.610347846592
41607|59|1|0|1|1.6562|3110.5683844530804
41607|81|1|0|1|0.46|1411.6373628404167
42164|17|2|0|1|0.6153|3164.6688858635857
42384|59|1|0|1|0.1236|725.3362983494413
42448|9|2|0|0|1.0209|2710.193378426027
42483|32|2|0|1|0.2992|1890.8526054157755
42520|32|2|0|1|0.0418|929.7876390839856
42577|9|2|0|0|1.2|3813.2207103501823
42777|59|1|0|1|0.78|3078.738439768093
42787|40|2|0|1|0.9728|7302.947631930006
42915|40|1|0|1|0.2732|881.5048354062321
43077|9|2|0|0|0.5|1384.042198972348
43129|59|1|0|1|0.6094|1956.1828026660287
43256|87|2|0|0|1.61|7898.814316060228
43705|17|2|0|1|4.2676|11540.445299084204
44150|9|2|0|0|4.314|27323.334424504865
44150|32|2|0|1|1.04|6822.076892304557
44150|59|1|0|1|1.45|14824.818161290623
44150|81|2|0|1|0.8948|3828.5150578536372
44150|87|1|0|0|0.1|732.3695394202464
44155|59|2|0|1|0.034|799.4127157353261
44512|32|2|0|1|3.78|28905.807190168205
44625|17|2|0|1|1.29|5156.595527972041
44713|59|1|0|1|2.12|4355.1740636773475
44837|68|1|0|0|0.4|2273.839531895148
45489|26|2|0|1|1.87|9213.047263556458
45489|32|2|0|1|6.8|54783.99343070493
45680|59|2|0|1|1.7696|14941.81420489341
45742|9|2|0|0|0.9776|2914.684231452062
45773|32|2|0|1|5.22|38294.7530117268
45849|40|2|0|1|0.5089|2136.9843516537044
46130|59|2|0|1|0.1257|664.5130933642857
46499|32|2|0|1|0.2835|1428.039902481396
46712|59|2|0|1|0.2765|1728.698159146572
47033|59|1|0|1|1.0523|4649.84542594477
47258|40|2|0|1|1.334|9962.900608845252
47298|59|1|0|1|0.17|275.29595929560605
47465|59|2|0|1|1.0211|4261.251829218063
47532|26|2|0|1|0.55|2273.628281252993
47561|17|2|0|1|0.5797|3257.4644488304248
47829|17|1|0|1|1.31|1730.1319375342944
47829|17|2|0|1|1.31|6923.963907249729
47829|92|1|0|0|1.3464|11737.924954816344
47874|17|1|0|1|1.1386|2652.536519572529
47874|59|1|0|1|0.8385|1968.4858653435397
47921|32|2|0|1|7.3735|43397.252472517524
48223|17|2|0|1|1.464|6871.818386271236
48410|68|1|0|0|1.12|4389.968971129092
48410|68|2|0|0|1.12|3584.7039492922418
48410|81|1|0|1|1.2873|3909.396203070236
48410|81|2|0|1|1.2873|5112.395511627638
48410|87|2|0|0|0.2441|1657.2913614746142
48438|17|1|0|1|0.4449|1719.0326023273474
48453|17|1|0|1|2.0878|7796.472162966074
48453|17|2|0|1|2.0878|4781.201635138058
48461|84|2|0|0|2.2005|14290.940472605447
48615|15|2|0|1|2.0116|13655.384625069246
48615|81|2|0|1|1.8099|16120.075733489599
48626|32|2|0|1|3.7503|21033.41992841441
48652|17|1|0|1|0.57|1860.1935681973055
48652|59|1|0|1|1.24|1929.1760010511707
48720|59|2|0|1|0.2209|1383.5113484095598
48807|17|1|0|1|0.47|2133.3896383492893
48816|15|2|0|1|2.11|13952.235608574147
48827|17|1|0|1|5.24|6795.464649232425
48827|17|2|0|1|5.24|24139.14606505515
48827|40|2|0|1|8.41|37093.57970409068
48827|59|1|0|1|8.1338|8798.573300885753
48827|59|2|0|1|8.1338|13932.55491939143
48849|59|2|0|1|2.03|8967.613245221019
48877|32|2|0|1|13.18|89985.27529903989
48877|52|2|0|1|7.21|33492.11864770978
48877|59|2|0|1|7.17|43856.77585906834
48877|81|2|0|1|7.99|69709.41477767544
48890|48|2|0|0|4.9765|10221.745382716312
49034|59|1|0|1|1.1009|2069.648943746849
49130|17|1|0|1|2.7138|6205.148530692074
49305|9|2|0|0|3.1844|9617.469205905481
49345|40|2|0|1|1.83|3514.231629038382
49345|59|2|0|1|0.82|1981.0999831934903
49541|68|1|0|0|3.0|11569.20195505296
49541|87|2|0|0|2.78|22262.279179160727
49541|94|2|0|0|1.88|8668.995766107168
49636|9|2|0|0|2.8601|7013.582240824426
49636|17|2|0|1|12.2474|64575.487489120365
49636|26|2|0|1|3.0178|10831.023611990175
49636|52|2|0|1|6.9004|28525.601061697802
49636|59|2|0|1|20.8122|80226.87318937911
49636|81|2|0|1|0.44|3112.7500038141316
49672|32|2|0|1|1.1995|5283.636315284113
49929|59|1|0|1|0.17|1029.4181342495601
50093|17|1|0|1|1.0286|4626.5505439933395
50343|87|1|0|0|3.4319|12943.109826010437
50386|40|2|0|1|0.4262|2580.1855924657048
50441|59|1|0|1|1.01|3974.8880932541924
50486|59|2|0|1|2.4|11665.434467886162
50528|4|2|1|1|21.598|49765.80520670002
50528|52|2|1|1|2.85|5823.138579358471
50647|40|2|0|1|0.5223|1955.9564313030505
50909|9|2|0|0|2.0004|11809.505500956939
51031|8|2|0|0|2.09|5846.295605032408
51311|59|1|0|1|0.3799|904.0969972326089
51387|23|2|0|1|0.4422|1803.0551560693982
51766|52|1|0|1|0.6861|2731.4081397899545
51822|17|1|0|1|12.41|47119.12233871143
51852|17|2|0|1|2.55|10355.085177733428
52008|8|2|0|0|6.9|43838.37809507098
52069|40|2|0|1|2.405|15749.166575663496
52160|94|2|0|0|4.25|16058.731148847253
52182|17|1|0|1|1.1038|1882.4957720639807
52311|87|2|0|0|0.2315|1193.3809528157062
52363|59|1|0|1|0.7608|3667.550009354941
52441|17|2|0|1|0.271|1144.0505822340594
52475|59|1|0|1|1.7105|3583.167829030303
52835|59|2|0|1|0.7394|2949.7315725636063
52973|43|2|0|0|1.362485|9149.838951239039
53020|15|2|0|1|0.2942|1645.4140259474934
53135|40|2|0|1|0.2821|1221.9334115678766
53137|4|2|1|1|6.88|16242.433367362348
53137|26|2|1|1|5.0644|12767.212503111869
53298|59|2|0|1|2.2158|9335.960916536378
53833|68|1|0|0|0.85|4491.484471474011
53891|32|2|0|1|1.4798|5752.4530442552295
53975|17|2|0|1|2.34|14375.976764658808
53975|32|2|0|1|0.3076|1791.4491188892894
54183|87|1|0|0|1.26|3326.4518290235483
54397|87|1|0|0|0.1|635.817677134573
54915|15|2|0|1|2.06|13775.975760216998
54960|68|1|0|0|1.57|5779.3722536314535
55225|32|2|0|1|2.3661|4725.889226063706
55261|32|2|0|1|3.2715|6794.834597464311
55281|26|2|0|1|0.31|2095.317261233919
55370|17|1|0|1|0.843|1506.030485813435
55497|59|1|0|1|6.7226|7507.948947817934
55518|40|2|0|1|1.2247|3887.2924419935594
55611|81|1|0|1|0.89|6507.893097598207
55618|32|2|0|1|0.4105|2374.8368209841205
55644|52|2|0|1|0.9483|7323.442962793538
55693|52|2|0|1|0.4136|2353.202320238813
55823|59|1|0|1|0.8921|3414.9371887035877
56446|17|1|0|1|0.5939|2044.4431369841127
56834|32|2|0|1|2.1421|12417.356106492083
56863|17|2|0|1|1.5098|7067.20163399704
56971|32|2|0|1|4.7086|28968.75180575288
57052|17|1|0|1|1.83|5287.214585876845
57052|59|1|0|1|5.8907|8758.779434178836
57052|87|1|0|0|3.1|8272.081070673023
57191|32|1|0|1|3.7255|7625.686323951438
57191|32|2|0|1|3.7255|31174.941757372515
57203|59|1|0|1|0.3092|942.3848001789488
57254|32|2|0|1|1.4107|10920.748543503447
57254|59|2|0|1|1.1054|4913.321208018698
57397|59|2|0|1|1.0026|3735.714313034119
57440|32|2|0|1|3.72|6728.877044043442
57450|17|1|0|1|0.41|2120.5229839807507
58150|52|2|0|1|1.6289|7906.516049309314
58378|81|1|0|1|0.7262|3956.8416194967313
58478|17|2|0|1|0.1844|1869.6675556657212
58567|17|2|0|1|2.6214|9810.197268339844
58595|81|2|0|1|2.285|15838.767067447605
58685|52|2|0|1|0.265|1672.0899250199152
58769|32|2|0|1|4.25|34420.94610282561
58769|59|2|0|1|4.07|36145.844880581826
58948|17|1|0|1|0.42|972.5045374850026
59027|15|2|0|1|0.4526|2192.6381405020225
59124|15|2|0|1|0.2991|1576.6910886470214
59146|59|2|0|1|1.7|9193.810395602526
59317|15|2|0|1|0.8451|2881.1215836372735
59317|59|2|0|1|0.7555666666666667|2808.1951644805317
59397|40|2|0|1|2.7|21201.946227806915
59397|59|2|0|1|2.7857|16897.15373692238
59516|59|1|0|1|0.5501|2862.9376861996407
59516|65|1|0|1|1.1399|4421.7494054601375
59544|59|2|0|1|2.52|12416.21827075539
59598|32|1|0|1|0.079|670.5518210211728
59612|81|2|0|1|1.1326|6481.3086397961015
59757|9|2|0|0|0.417|1735.1715888530148
59892|9|2|0|0|3.5355|10027.353875818557
59892|17|2|0|1|7.6771|44833.89136980757
59939|9|2|0|0|2.54|7588.018497172466
59939|17|1|0|1|10.86|32468.15083836899
59939|17|2|0|1|10.86|30767.111679036952
59939|52|2|0|1|3.5271|16377.953065789115
60279|87|1|0|0|1.12|5232.090870798165
60279|87|2|0|0|1.12|5193.379479304778
60635|17|1|0|1|2.4754|15015.00482351242
60667|40|2|0|1|0.6019|2535.573753390998
60871|40|2|0|1|3.9349|12384.293253964523
60871|59|2|0|1|4.61|16070.606763165217
60871|81|1|0|1|6.09|11382.155947477193
60871|81|2|0|1|6.09|21405.79117125888
61062|9|2|0|0|2.32|7906.502686864061
61062|84|2|0|0|0.9|8386.407140771338
61062|94|2|0|0|2.0|8920.594164451166
61076|23|2|0|1|0.8655|3152.2574371654664
61161|59|1|0|1|1.58|5590.959838142204
61177|17|2|0|1|7.039|33824.16414687033
61177|26|2|0|1|2.2924|15276.559520953437
61177|32|2|0|1|5.1465|34325.57787867103
61177|52|2|0|1|7.9425|33662.37470182388
61370|15|2|0|1|0.9986|3501.955968398308
61431|40|2|0|1|1.2584|4313.578910930158
61478|32|2|0|1|2.49|4743.314800862972
61497|15|2|0|1|1.8309|8367.588770995786
61845|59|1|0|1|0.48|1688.211489690609
61928|81|1|0|1|2.45|7999.161810354529
62259|94|2|0|0|0.399|1818.0422055722604
62440|15|2|0|1|0.2342|1551.0635108658303
62521|59|1|0|1|0.0398|220.66102386012508
62521|87|2|0|0|0.0243|438.44157587652603
62580|59|1|0|1|0.56|978.0740313539885
62606|26|2|0|1|0.49|2534.9122437644833
62629|23|2|0|1|1.76|7577.777827523278
62629|81|1|0|1|5.0857|14219.252978002703
62869|59|1|0|1|0.405|1531.8973270301328
62977|26|2|0|1|1.8474|8532.1369949323
62977|52|2|0|1|4.8447|18454.44017204369
62977|87|2|0|0|0.3939|4975.110885434022
63133|59|1|0|1|1.7|2600.7907355662664
63133|68|1|0|0|1.48|4917.247399468267
63133|68|2|0|0|0.13|896.8522562453311
63133|81|1|0|1|0.2245|1142.0446744560168
63133|81|2|0|1|0.2245|1160.2322275168376
63133|87|2|0|0|0.1229|1044.4148952421954
63181|17|1|0|1|2.68|11892.165367386586
63181|68|1|0|0|1.1|5664.944024100746
63209|17|1|0|1|0.6366|967.6298240037088
63209|17|2|0|1|0.6366|4127.770127435195
63312|15|2|0|1|2.1223|15883.36817309096
63365|59|1|0|1|4.41|11213.818722836018
63510|59|1|0|1|0.1373|285.4575134989722
63812|40|1|0|1|1.0513|2825.780697762455
63812|40|2|0|1|2.32|10732.862522116864
63987|68|1|0|0|0.5128|3599.968318010373
64042|59|1|0|1|4.03|20361.02045713703
64329|59|2|0|1|0.8939|7767.460693887413
64499|32|2|0|1|1.3996|9715.089484114962
64722|81|1|0|1|0.63|2962.7746199805038
64738|52|1|0|1|0.44|2967.269945998551
64738|52|2|0|1|0.44|3566.882558844826
64845|59|1|0|1|0.81|1730.1995459773386
64845|59|2|0|1|0.81|3684.6664977812165
64919|59|2|0|1|1.4|8832.978670573539
65256|87|2|0|0|0.8094|7089.260178955725
65375|32|2|0|1|2.1694|12943.698584426958
65838|59|1|0|1|1.3993|3163.0999591058585
65838|59|2|0|1|1.3993|4315.1344466239625
65920|81|1|0|1|0.17|1470.626841243284
65935|9|2|0|0|0.57|1569.4026693594462
65991|15|2|0|1|1.935|15875.678915303111
66010|59|2|0|1|0.7254|3748.2493943803147
66052|81|2|0|1|1.74|9950.939930835599
66350|9|2|0|0|1.95|8575.514387424202
66350|32|2|0|1|3.131|16426.237024726182
66350|59|2|0|1|3.1037|17443.02158450984
66451|59|1|0|1|4.6496|9901.40971716447
66472|17|1|0|1|0.4659|1764.444703167271
66708|40|2|0|1|0.6647|3919.212922566577
66871|68|1|0|0|0.959|2854.25077902403
66914|15|2|0|1|1.156|6854.775823927073
67061|40|2|0|1|0.2568|1327.434413758011
67186|32|2|0|1|3.2218|16088.346420534062
67292|43|2|0|0|0.57|2683.263620211978
67512|9|2|0|0|0.82|3375.509060312004
67670|17|2|0|1|0.6158|3094.663240358843
67739|9|2|0|0|4.9882|15828.786342294174
67743|59|1|0|1|0.904|3486.231610492626
67767|52|2|0|1|0.2785|2424.271087104233
67872|15|2|0|1|4.43|15619.450014468988
67923|23|2|0|1|3.2408|18376.83151891949
67974|40|2|0|1|1.64|11066.135055487399
68049|87|2|0|0|0.46|2394.189315373613
68089|26|2|0|1|2.4|14543.441126369678
68089|52|2|0|1|9.35|42255.74606469935
68089|59|2|0|1|9.54|61981.17428642439
68145|4|2|1|1|5.18|11090.62816294014
68145|15|2|1|1|0.8455|3310.786573157245
68145|26|2|1|1|1.7034|3959.4938607295126
68145|52|2|1|1|1.95|4406.547115165307
68145|59|2|1|1|2.86|6579.476015113781
68718|52|2|0|1|2.11|7574.525080866042
68761|32|2|0|1|1.2254|6096.342836064468
68807|17|1|0|1|0.5972|1989.3720182550376
68850|59|1|0|1|2.08|10235.091481912788
68936|40|2|0|1|3.2633|12184.317858205664
68971|43|2|0|0|3.8101|8903.103875515964
68971|68|1|0|0|2.0857|3636.103793055262
69003|59|1|0|1|3.561|17239.308139698995
69033|40|2|0|1|0.4186|2576.434428425419
69138|17|1|0|1|2.5|11556.406504672295
69205|32|2|0|1|4.0997|16539.8488230329
69387|87|1|0|0|0.5469|3734.169856100458
69470|40|2|0|1|0.7886|6211.252010042568
69552|59|1|0|1|2.51|4189.516510003443
69552|59|2|0|1|2.51|5365.823670980756
69552|65|2|0|1|1.02|6946.278928500788
69576|23|2|0|1|0.9315|3750.2251463137495
69730|52|1|0|1|4.2266|3529.200757483707
69730|52|2|0|1|4.2266|11679.047460404247
69901|81|2|0|1|0.5058|2493.2461457850286
69939|40|2|0|1|0.3211|2569.779337724767
70039|59|2|0|1|7.737|41372.63946461859
70101|59|2|0|1|0.4804|2086.3365627793355
70111|9|2|0|0|1.67|4575.3325645277055
70112|17|1|0|1|0.62|977.7865087260976
70172|40|2|0|1|1.9222|11298.062561578598
70224|17|2|0|1|0.0869|834.5731844529485
70378|9|2|0|0|2.45|3644.7277429585306
70407|17|1|0|1|0.9209|4185.485434905826
70407|87|1|0|0|1.01|3708.1762374590803
70449|59|1|0|1|2.9|6612.342716126219
70520|9|2|0|0|0.0346|303.8672145562907
70598|59|1|0|1|0.8341|2730.7657246341114
70598|92|1|0|0|2.2117|6399.635167892568
70604|81|2|0|1|1.2361|7712.765871395547
70620|59|1|0|1|0.85|1396.6239153263675
70658|40|2|0|1|0.2509|1521.1050851309828
70721|15|2|0|1|2.5909|16472.82830053951
70754|59|2|0|1|2.8132|13966.279931274792
71061|32|2|0|1|2.2081|4126.195711633893
71260|26|2|0|1|1.1584|4122.953677738515
71300|26|2|0|1|2.12|12732.387367714728
71300|68|1|0|0|1.9039|7099.312451656899
71300|84|1|0|0|1.9039|7755.858249871931
71520|9|2|0|0|0.2912|1821.1686430748193
71533|59|2|0|1|1.2264|7061.889889813099
71764|17|2|0|1|0.91|16579.71881945459
71764|23|2|0|1|0.0622|479.6069342656788
71764|32|2|0|1|2.81|12665.746106771896
71764|87|2|0|0|1.68|15641.107073879426
71764|94|2|0|0|6.096|15004.157027514875
71788|59|2|0|1|0.2962|1931.9075929650996
71833|94|2|0|0|1.0259|3099.173601296718
71993|81|2|0|1|1.2817|14805.29767731984
72027|4|2|1|1|2.76|6894.539003930515
72124|32|2|0|1|0.9395|7257.967159353674
72130|81|2|0|1|4.3341|19815.77661030679
72175|59|1|0|1|0.43|1857.870930722156
72252|17|1|0|1|0.42|590.0445093784132
72315|59|1|0|1|0.0965|182.1728352416324
72387|59|2|0|1|0.3881|2194.0698269431437
72495|17|2|0|1|3.29|18204.045615255625
72495|40|2|0|1|2.86|18604.141077407643
72583|59|1|0|1|0.8782|3957.0153213972103
72803|26|2|0|1|3.38|31482.05220516861
72803|40|2|0|1|1.3463|10248.625784190684
72803|59|2|0|1|2.5891|18416.975741399667
72803|94|2|0|0|0.7963|4060.2238495497168
73332|32|2|0|1|0.6041|2463.5218326565996
73443|17|1|0|1|0.6416|2424.7160027568475
73443|17|2|0|1|0.6416|3951.5327289656275
73540|59|2|0|1|0.3201|2022.950032318282
73580|59|1|0|1|0.6303|1316.31260527492
73893|40|2|0|1|1.1582|3954.9502144154553
74003|59|2|0|1|2.9465|11014.078027167394
74004|52|2|0|1|0.3834|4256.996199563176
74410|32|2|0|1|3.7392|16881.397116117725
74427|17|2|0|1|1.57|8133.48115254332
74473|59|2|0|1|1.7953|7582.432261145762
74722|59|1|0|1|0.6768|2951.046268135692
74812|17|1|0|1|0.28704|544.0651500082657
74974|15|1|0|1|0.2961|731.066555418518
75037|15|2|0|1|0.5665|2363.221538095817
75065|59|1|0|1|1.66|1901.6005615149616
75075|17|2|0|1|0.74|3442.4918422923643
75171|17|2|0|1|1.73|8723.915887407555
75379|40|2|0|1|0.42977|1408.5523951940374
75402|59|1|0|1|0.39|1543.969088083542
75428|59|2|0|1|0.3355|1709.1412555768775
75464|81|1|0|1|1.2212|3026.211392316333
75702|17|1|0|1|3.5176|8046.623363979448
75832|87|2|0|0|0.121|911.2109706843155
76117|87|1|0|0|1.08|4117.565046990687
76134|26|2|0|1|1.2068|7496.995667965075
76361|59|2|0|1|0.4463|2516.758019693578
76459|15|2|0|1|2.3918|15308.339653934396
76459|17|1|0|1|0.9737|5677.586067087747
76459|26|2|0|1|7.5446|73857.77572260954
76459|52|2|0|1|8.5245|67618.91804828851
76476|17|1|0|1|0.7054|2543.995662973596
76588|32|2|0|1|6.8286|20514.97409981607
76588|59|2|0|1|1.3303|9930.42734941668
76698|17|1|0|1|0.5188|1672.4531843958414
76949|32|2|0|1|0.4293|2351.1603703039673
76977|81|2|0|1|0.9352|6833.427219162368
77069|59|1|0|1|2.3254|3034.3967802825227
77330|81|2|0|1|1.76|11880.0639855601
77440|59|1|0|1|0.47|2400.3284786479066
77527|52|2|0|1|1.12|7074.468586418221
77614|59|2|0|1|0.4619|1581.3871527829415
77616|17|1|0|1|0.6166|1146.7363462538112
77661|32|2|0|1|1.289|4418.78114286454
77844|59|2|0|1|1.0818|3877.4373222693766
77867|81|2|0|1|1.03|4934.239878381673
77867|87|2|0|0|3.22|14478.461779829631
77964|87|1|0|0|0.3064|1529.81657871326
77984|15|2|0|1|0.6446|2248.859741756955
77984|59|2|0|1|0.7555666666666667|2779.212765140904
77984|81|2|0|1|1.5893|3936.898715397303
78210|59|2|0|1|5.6249|16333.116225591728
78229|68|1|0|0|1.162|6055.727210458342
78273|94|2|0|0|1.7842|10967.328741371899
78281|94|2|0|0|3.82|27078.531758705903
78460|81|2|0|1|4.536|35008.47151685896
78565|8|2|0|0|1.057|3056.034104660021
78846|15|2|0|1|0.6955|2727.13524933795
78846|59|2|0|1|0.7555666666666667|2972.2758552817963
78863|17|2|0|1|2.0094|7769.302385619627
79247|32|2|0|1|3.4083|27762.87978825964
79247|59|2|0|1|1.4779|11512.705923219006
79253|17|1|0|1|0.0282|168.8551743478179
79550|15|2|0|1|2.5369|13925.766247493795
79653|59|1|0|1|3.1556|11717.668363907547
79722|52|2|0|1|0.3581|1780.7133096674388
79796|94|2|0|0|2.9977|16614.39135311509
79903|23|2|0|1|1.016|4177.427878924339
80170|32|2|0|1|2.1631|6452.948279412143
80170|59|2|0|1|1.8688|7055.0161928518655
80461|59|1|0|1|0.4008|1113.2809658467336
80479|52|2|0|1|5.64|17249.63366249866
80506|40|2|0|1|1.7935|8493.050328742036
80600|52|1|0|1|0.8949|2162.0562557972726
80627|8|2|0|0|3.0|22714.602972574692
80627|9|2|0|0|11.16|49638.988707397126
80627|43|2|0|0|4.24|18439.03712841015
80627|62|2|0|0|1.8|6885.968318706101
80886|17|2|0|1|0.19|1323.1050824640154
80942|17|2|0|1|3.9164|16878.987154076913
81034|17|1|0|1|3.07|7559.187039384409
81034|68|1|0|0|4.8904|9324.064289547758
81034|92|1|0|0|3.51|5571.088006291007
81093|17|1|0|1|0.7|2530.3601415110165
81554|32|2|0|1|0.4686|3099.6801655452205
81717|17|1|0|1|0.2624|1117.8935134345481
82023|43|2|0|0|6.5144|20612.75498526044
82727|17|1|0|1|0.9814|2796.757048501783
82928|15|2|0|1|3.785|18782.21095581684
82939|68|1|0|0|0.76|2814.6789366466382
83256|59|2|0|1|2.2643|7474.25038250231
83458|10|2|0|1|1.8125|11098.194119335396
83458|26|2|0|1|1.0167|8846.256672676565
83472|17|1|0|1|7.42|35749.136476848646
83472|59|1|0|1|16.46|54397.6389622722
83472|81|1|0|1|8.0|14606.302362757802
84051|15|2|0|1|4.1|18579.45303889603
84051|23|2|0|1|3.8|33962.45702674988
84051|59|2|0|1|3.0|12951.594074907372
84174|15|2|0|1|2.74|10261.156556589787
84174|32|2|0|1|2.628|10468.015694750093
84174|40|2|0|1|3.06|11662.977192221855
84183|59|2|0|1|0.6629|3046.717910910926
84287|59|1|0|1|0.3975|1174.6225163437284
84380|17|1|0|1|0.1183|298.13137169219584
84413|94|2|0|0|1.3638|9356.714290669108
84482|81|1|0|1|4.9577|21224.24124827925
84518|32|2|0|1|0.36|2611.049976948329
84613|59|1|0|1|5.5066|18366.881711956037
84613|81|1|0|1|1.1581|5857.428389997183
84689|92|1|0|0|1.1398|2150.6122240592467
84804|17|2|0|1|1.66|6399.016634891239
84804|32|2|0|1|17.1833|98332.196944586
84904|32|2|0|1|1.021|5354.55786310965
84948|68|1|0|0|2.3375|5562.963521088967
85001|15|2|0|1|0.7811|3865.923302394463
85201|17|1|0|1|0.1584|401.08364762122466
85203|59|2|0|1|0.8159|2752.246220710842
85407|59|1|0|1|0.5971|1843.1032714705807
85414|59|2|0|1|2.55|12835.972582447923
85515|15|2|0|1|1.8689|13194.445897686817
85546|23|2|0|1|7.1294|17233.667854469288
85548|26|2|0|1|3.6318|21606.87366737179
85548|32|2|0|1|1.61|10601.273685300763
85548|40|2|0|1|1.03|4484.6353251314495
85756|59|1|0|1|3.3923|4750.958088520979
85840|81|1|0|1|1.4|6149.5073640089795
85840|87|2|0|0|1.85|19001.817952341433
85855|59|2|0|1|0.9497|4391.349766365279
85924|52|2|0|1|0.42|2330.4810892322757
85950|9|2|0|0|2.17|8347.81165161887
85950|94|2|0|0|0.66|1958.6523367399998
85952|87|2|0|0|0.5336|2547.3026125566535
85984|32|2|0|1|4.37|23341.40678174959
85984|59|2|0|1|4.6|25232.570985235805
86182|84|2|0|0|0.1759|1396.694319582248
86229|59|2|0|1|0.1187|899.534871776806
86237|17|1|0|1|0.1655|405.6961840268885
86267|52|2|0|1|0.44|1455.5150189962792
86271|40|2|0|1|0.6|1893.0241541455177
86271|59|1|0|1|1.001|4067.403256327463
86271|59|2|0|1|1.001|2496.027207692414
86271|87|2|0|0|1.4113|12762.023980618013
86542|59|1|0|1|0.61|3005.532865484863
86582|17|1|0|1|3.806636434108527|38367.18882351443
86582|59|1|0|1|6.418055555555557|6230.667288262772
86743|26|2|0|1|1.77|8629.784650770202
86749|52|2|0|1|1.55|7332.3940622913115
86767|94|2|0|0|0.6348|4807.6930408770395
86901|52|2|0|1|1.27|5737.705756503383
86916|40|2|0|1|4.6468|34133.495416285805
87125|17|2|0|1|0.43|1882.2828083046395
87125|32|2|0|1|0.244|1339.0777647141817
87201|59|1|0|1|0.416|3620.8458166986516
87207|59|2|0|1|0.33|1531.4478843040786
87293|32|2|0|1|2.7309|23072.35282337711
87293|59|2|0|1|1.2014|11496.863463620695
87434|15|2|0|1|2.43|12423.572992995167
87539|59|2|0|1|0.322|1851.3241193952722
87552|9|2|0|0|0.77|2086.7813557321597
87664|59|1|0|1|2.09|2139.132367476836
87873|32|2|0|1|1.3747|9008.430752694943
87873|59|1|0|1|5.9563|13682.15755175949
87873|59|2|0|1|5.9563|16634.398384942204
87878|15|2|0|1|6.9837|30105.092854777988
88023|9|2|0|0|0.2624|1545.6779302115783
88040|17|1|0|1|3.2779|10634.007737461787
88040|92|1|0|0|0.5|2481.9486773389267
88205|87|1|0|0|0.5341|2586.1856758919225
88517|87|1|0|0|0.941|6698.677685333432
88525|23|2|0|1|2.06|7545.736129600676
88691|17|2|0|1|2.453|10682.461864333274
88841|52|1|0|1|0.8096|3204.3866146511473
88928|40|2|0|1|4.5727|43775.29174783268
88928|52|2|0|1|1.6099|11921.124223065468
89417|23|2|0|1|2.9756|17523.866994533793
89417|32|2|0|1|1.3|9159.130952076684
89417|59|2|0|1|3.96|30936.9260706131
89430|15|2|0|1|0.78|3159.542302830461
89440|26|2|0|1|4.5|24465.33678798171
89440|40|2|0|1|2.16|13615.59287964788
89602|32|2|0|1|4.3488|12943.036311971184
89768|52|2|0|1|2.5313|5057.581224317936
89835|17|1|0|1|0.193|361.7790722253718
89842|17|1|0|1|0.2143|1143.233516175874
90076|15|2|0|1|0.189|1853.7929959546539
90202|9|2|0|0|1.9441|6045.7946507210345
90227|17|1|0|1|1.66|2225.5818228181643
90537|59|2|0|1|0.469|2743.368061039794
90597|59|1|0|1|1.93|6369.712671699637
90901|59|2|0|1|7.236|30397.547411483036
90980|9|2|0|0|0.6787|2326.73376085693
91094|59|1|0|1|0.93|6169.963163654332
91148|23|2|0|1|2.4211|14597.60674104369
91148|32|2|0|1|1.58|10097.678281378907
91178|59|1|0|1|0.279|1539.2572502929795
91179|9|2|0|0|2.0044|6962.707309945683
91179|17|2|0|1|1.1188|6896.115007454592
91249|40|2|0|1|1.42|9455.944521400763
91435|59|1|0|1|0.0908|304.59110451806436
91517|59|2|0|1|0.1383|770.3957428230517
91543|40|2|0|1|0.2663|1427.9528134327948
91752|32|2|0|1|1.0168|5109.04582012898
91794|23|2|0|1|0.7848|3231.4901101333076
91845|38|2|0|0|0.69|5924.357638964409
91975|15|2|0|1|0.2627|1400.5098104612223
92013|87|2|0|0|5.1275|11311.586126334314
92023|8|2|0|0|2.3639|10946.10420574788
92027|59|1|0|1|0.43|2707.790864446289
92099|40|2|0|1|0.8439|2814.1923940211936
92218|68|1|0|0|1.6952|4879.438036094799
92218|94|2|0|0|2.11|7337.252551974285
92490|32|2|0|1|0.9995|6830.450473470448
92531|59|1|0|1|0.82|2396.866073264236
92531|59|2|0|1|0.82|3316.7117990088263
92556|15|2|0|1|1.689|11164.810055017731
92556|32|2|0|1|1.2623|8702.870041078422
92583|17|1|0|1|1.56|2287.272392170988
92583|43|2|0|0|2.287|13583.552896959382
92583|68|1|0|0|1.8|4658.730953834258
92583|84|2|0|0|1.28|5111.318735910214
92583|87|1|0|0|2.0|4541.358819682742
92853|17|1|0|1|0.5109|867.9195878971165
92933|17|1|0|1|0.2033|1051.5609417901953
93168|59|1|0|1|1.23|4611.682426533881
93182|40|2|0|1|0.7699|3446.9410949392773
93228|17|1|0|1|0.4673|2397.261501177198
93417|59|2|0|1|1.4687|10430.055803395002
93435|17|1|0|1|2.13|7311.070481291978
93435|26|2|0|1|0.88|4012.195669495237
93498|59|1|0|1|5.0336|33139.53809892618
93510|92|1|0|0|0.08|315.648763591034
93538|17|1|0|1|3.95|7331.396450029411
93538|59|1|0|1|3.2279|5524.68002192434
93922|59|2|0|1|3.1367|22341.595039379634
93922|87|2|0|0|4.914|49491.60207349521
93970|59|2|0|1|1.1155|3959.454874124808
94033|52|2|0|1|2.0521|10640.871050628451
94181|81|2|0|1|2.7883|15369.932997860062
94181|84|2|0|0|0.5585|3724.774655007073
94553|32|2|0|1|3.4|23844.228840992175
94553|59|2|0|1|3.256|21485.73066276419
94554|94|2|0|0|2.340479|15621.761794939985
94589|59|2|0|1|0.2133|1071.0392109942625
94886|32|2|0|1|3.5729|28835.15625222965
94968|32|2|0|1|2.14|13005.920958761406
95008|17|1|0|1|0.5394|3331.2118526240943
95011|15|2|0|1|0.1441|1088.2189773143512
95018|59|2|0|1|0.4685|1605.8808186670894
95287|40|2|0|1|1.7539|11950.524009178183
95311|15|2|0|1|0.79|3174.1829416525648
95319|32|2|0|1|0.9969|7776.82362171001
95372|52|1|0|1|1.1195|4614.304645195859
95396|68|1|0|0|1.45|4602.4406763958705
95476|17|2|0|1|4.07|23604.47578524572
95476|59|2|0|1|2.0438|9862.325673576246
95476|68|1|0|0|2.71|5899.69592021885
95476|81|2|0|1|1.9108|17207.919876457327
95601|87|1|0|0|1.19|3042.319554880343
95661|59|1|0|1|0.61|2177.278677494013
95678|17|1|0|1|9.52|61671.83466288126
95678|52|2|0|1|4.02|47540.88602346788
95678|59|1|0|1|20.82|54362.54841443433
95678|94|2|0|0|9.7353|52878.645719787906
95961|17|1|0|1|0.4055|1844.9347464595676
95974|81|2|0|1|0.3746|1914.491998294199
96004|17|1|0|1|0.8502|1227.5292764314433
96038|17|1|0|1|0.31|1749.1536108792293
96379|87|1|0|0|0.6912|3649.6669090367113
96414|17|1|0|1|0.3349|1611.5041073270506
96832|59|2|0|1|0.4201|1973.1421518410923
96847|17|1|0|1|2.06|1676.2077980020183
96975|23|2|0|1|2.022|9366.554377461225
97172|59|2|0|1|2.6984|8750.221981707315
97437|38|2|0|0|3.53|18177.026707024794
97437|59|1|0|1|0.7793|4333.446256896341
97574|59|2|0|1|2.72|9930.76728207421
97661|68|1|0|0|3.52|6449.9932018331965
97695|52|1|0|1|0.4164|2243.1273600355007
97861|59|1|0|1|1.75|2629.474798331149
97942|68|1|0|0|2.58|3653.741065514421
97942|81|1|0|1|0.1925|874.6197011233199
97945|59|1|0|1|0.406|2154.459808054354
98118|17|2|0|1|0.83|3260.1807929110532
98118|52|2|0|1|2.18|9586.153374716792
98118|59|2|0|1|0.88|3134.7794944762777
98140|26|2|0|1|3.56095|23622.55210493814
98140|59|2|0|1|4.59|21353.773747137497
98248|87|1|0|0|0.5191|3039.9059793303495
98265|32|2|0|1|1.41|10159.916682651496
98346|40|2|0|1|0.649|3852.126790792609
98490|59|1|0|1|0.41|2923.2835638612582
98571|17|1|0|1|0.2463|498.2020522629695
98646|9|2|0|0|3.23|12071.365618346459
98747|9|2|0|0|3.32|11932.92290189356
98747|59|2|0|1|2.1089|8976.155787211645
98814|32|2|0|1|3.3267|16627.99626964751
98814|40|2|0|1|2.7724|9185.205282968825
98825|94|2|0|0|2.4491|13869.348956344531
98871|52|2|0|1|0.2429|1046.705188042912
98995|17|1|0|1|0.344|1044.3438676289832
98995|68|1|0|0|0.5746|2299.2354488617634
99108|52|2|0|1|1.611|5756.3222473688775
99146|17|2|0|1|0.8314|4024.863515755217
99282|59|2|0|1|1.6244|7149.1672694357285
99377|52|2|0|1|0.65|3165.765567964693
99693|81|1|0|1|6.3397|28426.48746078549
99793|52|2|0|1|0.1326|1312.6487348916844
99793|87|2|0|0|0.0189|1335.9007885106957
