439|9|2|0|0|1.08|3620.7160532514304
447|40|2|0|1|0.4694|2525.368637228959
523|32|2|0|1|0.6478|2086.5965959263285
702|59|2|0|1|1.1331|7758.320964167244
797|59|1|0|1|7.5143|11859.437808510424
797|68|1|0|0|2.3854|8866.747067518392
812|68|1|0|0|0.5741|3393.5198649112776
917|59|1|0|1|1.2795|3360.605740999501
966|32|2|0|1|0.6647|1526.1947283504962
1022|17|2|0|1|0.4694|3128.5828785523227
1133|17|2|0|1|0.0969|3964.6409317133903
1142|59|1|0|1|0.85|1902.474789005233
1190|59|2|0|1|2.4615|11495.061798290968
1270|9|2|0|0|2.48|9922.619779984232
1270|94|2|0|0|0.37|2493.5243638091124
1554|32|2|0|1|0.0646|3801.1731688452646
1592|32|2|0|1|3.6637|6415.706385734028
1777|59|1|0|1|0.2944|539.6087277347699
2083|15|2|0|1|2.7954|9505.500324813032
2083|26|2|0|1|8.089|14670.488040440789
2083|52|2|0|1|3.3068|9688.98328660624
2083|59|1|0|1|7.944|7895.918418178562
2360|59|2|0|1|6.2374|24529.350672335826
2486|68|1|0|0|1.3553|8573.40219172922
2584|52|1|0|1|0.9767|3925.796351480171
2716|26|2|0|1|3.757|18738.515550767035
2821|59|2|0|1|3.1242|16858.147283847557
2874|87|1|0|0|0.12|946.1808362193666
2891|59|1|0|1|0.4741|4301.540202376374
2913|52|2|0|1|1.331|10027.555846481013
2916|17|1|0|1|3.728|4565.830681814365
2916|32|2|0|1|2.26|8761.08511107078
2916|59|2|0|1|1.26|5449.783947629344
3014|17|1|0|1|0.4181|960.6158963345073
3032|59|1|0|1|0.2199|665.8666646334829
3091|81|1|0|1|3.91|16346.88415084603
3316|68|1|0|0|0.6748|1470.5265680884568
3494|59|1|0|1|0.2232|956.733426407674
3555|59|1|0|1|2.45|12394.170923485139
3643|40|2|0|1|1.2752|9887.539647614381
3710|59|1|0|1|0.5372|1774.3101227979244
3931|17|1|0|1|1.2231|2805.0718346883405
4024|15|2|0|1|0.6622|4649.9572224393705
4024|32|2|0|1|21.11|55964.838405075476
4024|40|2|0|1|18.1746|20310.546927750744
4024|52|2|0|1|8.0726|27452.75233078858
4024|59|2|0|1|1.122|7182.049679459075
4024|81|2|0|1|13.86|30630.725476312247
4024|87|2|0|0|11.9238|49624.61952166346
4052|17|2|0|1|4.68|14569.902010237574
4377|9|2|0|0|1.781|5571.183416636153
4926|32|2|0|1|1.18|5829.527202169553
4990|15|2|0|1|1.5077|12174.796862788302
5062|9|2|0|0|0.0267|2694.991947658162
5062|59|2|0|1|0.0531|2787.0944544676154
5142|17|2|0|1|0.3247|1888.6517495358153
5142|52|2|0|1|0.7263|3120.091817561793
5142|59|2|0|1|0.5946|2046.1491731655583
5377|40|2|0|1|1.6499|4084.445125745714
5380|40|2|0|1|1.28|5806.074341228191
5462|81|1|0|1|0.4257|1668.315824479078
5498|15|2|0|1|1.1028|7265.4835716435455
5498|23|2|0|1|0.91|4979.253417435954
5548|59|2|0|1|0.2809|1997.1453028512008
5638|59|1|0|1|0.49|788.240054725594
5696|59|1|0|1|7.62|7809.3732961408
5760|40|2|0|1|1.1759|9260.404236516215
5844|26|2|0|1|1.81|11189.263824401225
5897|15|2|0|1|2.1251|14082.830955040927
6132|52|2|0|1|0.11|789.0509721804343
6307|17|1|0|1|1.176|4976.8217296640705
6454|94|2|0|0|4.7932|23282.501695712373
6732|59|1|0|1|0.1649|590.7203908849729
6950|59|2|0|1|0.0304|2096.178619850738
7104|9|2|0|0|0.5047|3770.927535151688
8269|32|2|0|1|1.54|14044.46838836011
8623|26|2|0|1|0.57|3985.4280074984067
8690|43|2|0|0|0.5042|3435.9751507209794
8954|32|2|0|1|0.76|3863.6645353763106
8982|17|2|0|1|0.6629|3680.3441262036363
8986|59|2|0|1|0.3962|1994.763993302221
9006|59|2|0|1|1.43|4636.956048075011
9086|26|2|0|1|0.78|7307.710666918122
9086|52|2|0|1|0.78|5156.483255440949
9158|9|2|0|0|2.06|8684.802434977884
9209|59|2|0|1|0.6762|2921.902548254207
9270|15|2|0|1|3.3018|18384.997696475995
9270|94|2|0|0|1.1171|7316.501474777038
9474|68|1|0|0|0.146|945.8665845637698
9594|59|1|0|1|0.1325|982.9095654588892
9609|17|1|0|1|0.8|2944.386051591315
9613|55|2|0|1|2.36|13184.04683357544
9925|26|2|0|1|4.8852|21720.902544539953
9944|17|2|0|1|1.911|9314.730996270157
9944|32|2|0|1|0.9|4950.981158840498
10091|87|1|0|0|0.5145|3909.6164914782385
10117|59|2|0|1|0.406|2885.738993882654
10133|17|2|0|1|0.9137|4023.6880268049636
10376|9|2|0|0|9.8|26672.604469084858
10376|59|2|0|1|10.31|35080.69995532733
10547|15|2|0|1|1.4118|5485.468947809858
10999|32|2|0|1|0.73|1544.2261712755028
11208|40|2|0|1|3.46|24502.332339500907
11220|15|2|0|1|1.81|13205.47464497098
11220|87|2|0|0|2.02|15623.176213219806
11395|17|1|0|1|5.2841|16423.358718353746
11395|59|1|0|1|4.567|9097.491984347633
11395|59|2|0|1|4.567|29075.27388304874
11536|32|2|0|1|1.26|7753.463867735063
11559|17|1|0|1|0.43|2380.017305229607
11587|9|2|0|0|7.9236|12785.821637346346
11587|59|2|0|1|3.0067|6969.099573546892
12086|87|1|0|0|3.1242|16363.40512889263
12136|59|2|0|1|0.0238|4570.731158088644
12574|32|2|0|1|1.6552|10640.572272884734
12592|59|1|0|1|0.0833|523.3425257127145
12622|17|2|0|1|1.31|5066.811319596341
12869|87|2|0|0|3.9|18678.86209489737
12869|94|2|0|0|3.0351|10499.98119661414
12930|40|1|0|1|0.8749|2796.8600673639344
12970|17|1|0|1|0.5989|3648.498006738726
13040|9|2|0|0|2.96|19076.093816707926
13054|15|2|0|1|1.951|7848.891388369155
13054|59|2|0|1|0.7555666666666667|5320.295713033502
13054|81|2|0|1|1.3815|5871.068128867488
13154|15|2|0|1|2.67|13328.865682934691
13199|68|1|0|0|0.212|1819.1827554636072
13303|32|2|0|1|0.8186|5531.288523985995
13313|17|2|0|1|1.85|7811.138115037646
13313|32|2|0|1|4.5686|18345.622764786473
13333|94|2|0|0|1.4597|9223.800215999472
13439|32|2|0|1|1.3984|3644.387029890661
13450|17|1|0|1|1.17|4249.374096043816
13488|15|1|0|1|0.163|851.6017052207791
13581|17|1|0|1|1.76|7883.034014298498
13708|52|2|0|1|1.13|6634.583643669857
13733|59|1|0|1|1.9584|4060.2037272863117
13751|52|2|0|1|4.83|27856.662194715762
13822|59|2|0|1|0.42|2748.6816449222965
13847|87|1|0|0|0.9759|3796.9669122951886
13871|17|1|0|1|1.4984|3676.3215190292703
13871|32|2|0|1|1.0534|8438.202166648214
13871|59|1|0|1|1.41|3726.436591084089
13871|68|1|0|0|0.7219|8482.063403396793
13981|68|1|0|0|4.51|11797.91987857759
14470|17|2|0|1|2.7919|16889.638786949214
14470|32|2|0|1|6.1315|59033.21888785759
14470|59|2|0|1|0.7824|7108.373140897071
14671|17|2|0|1|0.0342|3964.6409317133903
14735|26|2|0|1|1.3853|5293.281817505512
14843|43|2|0|0|2.73|14785.545147268092
14843|62|2|0|0|9.6708|45532.16998956213
14843|87|2|0|0|10.7223|59398.053889878836
15071|81|2|0|1|1.61|7517.719138564617
15217|23|2|0|1|2.3316|9871.736549816276
15217|32|2|0|1|2.13|7998.620959206687
15217|87|2|0|0|3.4566|10964.74614294793
15228|81|2|0|1|0.7268|4757.105980633935
15328|59|2|0|1|0.3999|1945.1801251206052
15443|87|1|0|0|0.37|1852.1261298683303
15770|32|2|0|1|0.3742|2179.5397834882397
16282|59|2|0|1|0.7494|3183.1552473632746
16355|17|2|0|1|0.03|3964.6409317133903
16488|32|2|0|1|2.7417|17762.699052339678
16613|94|2|0|0|2.71|8798.024659526323
16692|15|2|0|1|0.7038|4640.727093570554
16692|32|2|0|1|3.7134|11078.05367004166
16692|59|2|0|1|0.7555666666666667|3253.6009767598625
16864|32|2|0|1|13.5944|67718.74188042169
16921|40|2|0|1|3.126|17529.102421578118
16975|23|2|0|1|2.27|9594.90845438074
17034|59|1|0|1|0.83|3995.6525996720807
17043|23|2|0|1|2.709|11041.948859245364
17068|68|1|0|0|0.3|2066.0099759863333
17183|43|2|0|0|0.6839|3516.3566203886717
17321|9|1|0|0|0.6409|2755.130478448785
17343|59|2|0|1|0.1866|1854.5159080214833
17378|17|1|0|1|0.15|729.0794539249086
17407|59|1|0|1|1.8279|9231.643388165208
17413|81|1|0|1|0.5671|3187.6828604470666
17434|17|1|0|1|0.2711|678.814700165896
17552|59|1|0|1|0.5619|2424.9837308364954
17552|68|1|0|0|0.7814|2438.929290912712
17818|17|1|0|1|0.2068|822.6303315662112
17977|92|1|0|0|1.3546|14659.318532109433
18082|32|2|0|1|2.6331|18225.294083425746
18094|59|2|0|1|0.1364|912.2199644120528
18103|59|2|0|1|2.2225|5236.2806672022525
18139|52|2|0|1|1.5088|8177.095283869542
18158|81|1|0|1|1.85|6687.390747802506
18158|81|2|0|1|1.85|8555.875922241949
18318|81|2|0|1|0.8953|6820.424351668554
18372|32|2|0|1|0.706|8960.37303326993
18408|59|2|0|1|0.502|2289.600634786189
18410|32|2|0|1|1.03|4068.770418579427
18438|59|2|0|1|4.3138|18445.333790855155
18515|32|2|0|1|0.0799|1316.2595542726992
18581|59|2|0|1|0.2045|1640.0598849210332
18632|52|1|0|1|8.0|4100.5971547427325
18632|52|2|0|1|8.0|31940.536078547626
18976|32|2|0|1|2.08|15457.446845132037
19067|32|2|0|1|0.19|3944.785395601775
19067|59|1|0|1|0.525|2050.4273728945996
19067|68|1|0|0|1.631212|7600.608876969292
19179|15|2|0|1|1.956|16226.758653093144
19272|81|1|1|1|1.88|3548.495591225108
19515|32|2|0|1|5.0139|22889.570329299593
19679|15|2|0|1|3.14|17012.694008430084
19679|32|2|0|1|4.6865|31440.789504473843
19679|52|2|0|1|2.6172|17062.853369233188
19679|81|2|0|1|2.1638|16255.391129138525
19740|17|2|0|1|1.32|6133.54101528849
19740|32|2|0|1|0.39|2229.1037774869646
20041|40|2|0|1|2.919|26529.94820753028
20041|59|2|0|1|9.8532|48795.02189769758
20041|65|2|0|1|3.657|33270.97727664661
20082|15|2|0|1|1.47|6483.399396445319
20253|59|2|0|1|0.4484|2399.7642044613267
20693|4|2|1|1|7.175|12586.831228827483
20693|15|2|1|1|5.75|24093.409022925625
20693|26|2|1|1|1.32|6167.623781292054
20693|52|2|1|1|3.23|7683.222503146218
20881|17|1|0|1|0.7|2996.8767516556504
20934|59|1|0|1|2.79|3978.693316250227
20943|32|2|0|1|1.41|3141.495488535838
21119|17|1|0|1|0.259|657.1304187317895
21119|59|1|0|1|0.2074|634.1511970744189
21215|17|1|0|1|0.2345|1153.8482516276679
21394|52|2|0|1|0.342|2126.4347569159077
21481|52|2|0|1|0.2451|1174.780808708213
21798|59|1|0|1|2.0239|5806.11400783017
21807|59|1|0|1|1.0247|3593.777872170851
22092|59|1|0|1|1.2258|4350.78924414863
22294|17|1|0|1|0.4757|2012.0566942396574
22630|59|1|0|1|0.8301|5225.633831263905
22639|40|2|0|1|0.2811|2077.214096918665
22768|59|1|0|1|0.8675|2954.3976265843685
22879|17|1|0|1|1.65|10016.281161379553
22879|87|1|0|0|1.67|11667.903109617955
22976|32|2|0|1|1.8964|10806.302724467501
23093|40|2|0|1|2.8415|17786.440071605004
23093|52|1|0|1|1.1341|2036.1189013287
23093|52|2|0|1|1.1341|5196.251732244754
23421|17|1|0|1|0.83|1677.7657883367763
23530|32|2|0|1|0.0219|3801.1731688452646
23630|17|1|0|1|1.5357|6643.870916973339
23668|59|2|0|1|1.19|9213.097093837729
23812|59|2|0|1|0.3129|2127.7065126735356
23846|59|2|0|1|1.2593|7230.935987547798
23942|81|2|0|1|0.5728|4762.997220313727
23974|59|1|0|1|0.5851|3069.101608382603
23983|32|2|0|1|1.01|1967.7926586572185
24065|94|2|0|0|2.08|11496.965322151762
24195|87|1|0|0|0.675|3652.606555658995
24195|87|2|0|0|0.73|5918.3470204274645
24382|59|2|0|1|0.783|4318.5785941530285
24392|40|2|0|1|0.6393|4663.4019217969235
24404|32|2|0|1|9.3728|28765.518916866247
24404|81|2|0|1|8.51|23620.110961605667
24945|32|2|0|1|0.6863|3990.8213234591617
24951|17|1|0|1|0.9481|2653.8201260427268
25015|32|2|0|1|1.5964|12116.47661105737
25026|9|2|0|0|2.409|7279.728029577639
25104|23|2|0|1|2.2612|15860.866794373189
25104|52|2|0|1|3.6197|22255.918064610818
25104|59|2|0|1|3.4845|34799.85878761257
25377|59|1|0|1|2.5375|4154.306257718175
25422|59|1|0|1|1.8072|7997.663780189767
25422|68|1|0|0|1.2775|4341.362118867237
25627|26|2|0|1|0.6838|7916.091993232292
25671|9|2|0|0|3.2396|7625.087457733941
25671|15|2|0|1|2.8168|9208.249098208515
25816|81|1|0|1|1.37|4900.886502943853
25825|17|1|0|1|0.89|4337.219246618353
25885|52|2|0|1|0.06|763.3440188807751
25887|68|1|0|0|1.39|2742.951744162877
26094|17|1|0|1|0.28|2065.1821318184975
26390|17|1|0|1|0.5|1232.7464185269623
26539|15|2|0|1|2.38|13341.74536912432
26725|68|1|0|0|0.15|1455.1555410812236
26725|87|1|0|0|0.66|2274.6325006615475
26730|17|1|0|1|0.64|927.5714117418875
26807|17|2|0|1|0.5169|2314.8421001664
26831|40|2|0|1|0.1712|1220.301735045413
26954|59|1|0|1|1.56|5213.16449543364
26979|17|1|0|1|2.14|2210.3553768726824
26979|59|1|0|1|0.1756|5961.575652906027
27129|59|1|0|1|0.6496|4110.776494904206
27166|59|1|0|1|0.0817|551.0527722817764
27224|40|2|0|1|0.4102|4149.2857694917675
27515|32|2|0|1|0.0143|3801.1731688452646
27546|32|2|0|1|0.6097|4848.562954952491
27629|32|2|0|1|2.7648|16206.409450161302
27761|59|1|0|1|0.975|5209.173675875517
27819|17|1|0|1|9.4593|34175.59098449919
27922|81|1|0|1|1.0517|3072.0152266699156
28134|59|1|0|1|1.8871|3907.455110958115
28137|59|2|0|1|0.7|4306.281978562821
28137|87|2|0|0|2.65|24659.658481112037
28156|59|1|0|1|1.63|7108.328025111111
28362|9|2|0|0|0.7653|3394.1300291853136
28410|17|2|0|1|5.1866|21525.375602813358
28477|32|2|0|1|0.62|4681.792949051573
28847|52|2|0|1|0.7292|4903.430603896474
28861|17|1|0|1|1.081|4994.634598900405
29262|23|2|0|1|1.4774|10161.67085134517
29262|59|2|0|1|4.08|24875.423315183663
29666|59|2|0|1|1.17|8499.724133164218
29831|59|1|0|1|0.472|1088.468844109203
30114|59|2|0|1|1.51|7632.81819449105
30139|32|2|0|1|1.86|11038.502116597896
30409|15|2|0|1|0.372|2212.9645549572915
30423|17|1|0|1|0.9478|4299.328168390305
30628|81|1|0|1|3.1766|6193.020666548114
30652|52|2|0|1|0.4784|2965.9850804673183
30771|9|2|0|0|2.68|12038.322516208853
30936|59|1|0|1|0.4142|592.2389840429124
31012|68|1|0|0|3.22|7835.421290470424
31153|32|2|0|1|0.0995|3633.4936206160846
31551|59|1|0|1|0.95|3846.2959522358738
31565|68|1|0|0|2.99|8477.264318759917
31622|59|2|0|1|0.4247|2926.392382989022
31836|87|1|0|0|1.331|5956.670836827489
31836|87|2|0|0|1.331|7683.586715301498
31838|68|1|0|0|1.38|4681.568484100253
31890|68|1|0|0|1.0427|4329.023544026413
31899|17|1|0|1|1.34|5612.688050656235
32006|94|2|0|0|0.2295|4257.700387298398
32060|17|1|0|1|6.8092|29419.997172908043
32060|81|1|0|1|4.8256|27507.846615681163
32437|59|2|0|1|0.7072|3363.604080763369
32572|32|2|0|1|0.0318|3801.1731688452646
32660|17|1|0|1|1.1505|2121.1497897662066
32681|68|1|0|0|0.5732|3569.9585060937457
32730|59|2|0|1|1.2399|9009.437701198749
32795|26|2|0|1|2.6343|13072.49956013253
32795|32|2|0|1|5.12|39919.033115775426
32795|59|2|0|1|3.84|27062.566697745267
32896|94|2|0|0|1.5161|12097.790133519653
32986|17|1|0|1|0.2093|497.44445589704736
32997|32|2|0|1|3.4711|14366.33681790239
32997|40|2|0|1|2.63|9447.867400260457
33084|59|1|0|1|0.3748|948.9306862980794
33248|81|2|0|1|4.2851|44267.601540455566
33428|59|2|0|1|2.94|15393.177573363679
33453|32|2|0|1|1.32|8744.741576959823
33486|17|2|0|1|8.51|49346.143195722616
33486|55|2|0|1|4.2494|16609.60734208907
34190|68|1|0|0|3.7789|12310.95051144427
34244|32|2|0|1|5.19|11586.824234022479
34315|59|1|0|1|0.4126|2837.0487445135595
34407|92|1|0|0|0.69|1499.2715576540204
34500|32|2|0|1|2.9517|5587.880418608808
34512|59|1|0|1|4.8541|30948.03619677524
34775|81|2|0|1|3.0631|14613.677549696169
34853|59|2|0|1|0.4378|2644.9225793053683
34922|9|2|0|0|1.3416|8165.523016867548
34977|4|2|1|1|1.23|4354.772141569024
35052|87|2|0|0|1.3029|11991.429844039345
35100|32|2|0|1|0.86|5601.857366765883
35271|40|2|0|1|5.8772|39459.44809214636
35284|59|1|0|1|0.8183|1817.6253648441923
35287|87|2|0|0|7.593|36288.6472338703
35465|32|2|0|1|3.8165|18259.21085455937
35689|68|1|0|0|0.5907|2442.29917385211
35719|40|2|0|1|0.8782|9652.140434051891
35819|52|2|0|1|0.4725|2412.739965912207
35888|59|1|0|1|1.0572|1315.033476998017
36088|59|2|0|1|1.9915|7226.618099920334
36094|94|2|0|0|1.5479|6113.188837977234
36122|59|1|0|1|0.9166|6257.7754978537905
36123|15|2|0|1|6.72|43344.79910479174
36258|17|1|0|1|1.97|5989.425311294591
36331|59|1|0|1|0.78|3144.883929886571
36468|15|2|0|1|1.9141|16228.549705477051
36535|17|1|0|1|1.6|2657.7215820432575
36535|59|1|0|1|1.6|2171.3894168137904
36708|40|2|0|1|0.5462|2856.571230172012
36918|17|1|0|1|2.0733|6706.048081131901
37005|81|1|0|1|3.74|22914.628036663373
37371|32|2|0|1|1.1643|5389.345253245237
37461|52|2|0|1|3.68|28108.48597023783
37661|59|1|0|1|0.9008|6488.076228008189
37826|17|2|0|1|10.1482|81257.4871308194
37826|32|2|0|1|4.4695|20252.545228082516
38025|59|1|0|1|3.94|16935.852831095868
38272|17|1|0|1|1.4393|6106.7190981098765
38272|52|2|0|1|0.9413|4873.5518527165705
38272|71|1|0|1|1.06|1731.86307146303
38272|81|1|0|1|2.95|9815.383260088463
38272|87|1|0|0|1.63|3430.6721838165167
38443|17|1|0|1|1.1093|4984.9478305416615
38454|32|2|0|1|1.0169|4336.726328743149
38481|81|1|0|1|1.1017|3031.52223071865
38512|17|2|0|1|4.99|21553.190982925273
38557|59|1|0|1|0.2297|899.8166568545677
38645|68|1|0|0|0.49|2339.2354597880167
38764|40|2|0|1|0.8051|3399.1245840429874
38795|40|2|0|1|2.18|11465.866590882039
39040|81|2|0|1|2.5438|21734.52555977651
39112|32|2|0|1|5.68|20219.918199548087
39261|87|1|0|0|1.08|3748.991439905781
39261|87|2|0|0|1.08|3242.23611799783
39261|94|2|0|0|2.4291|10937.958391775885
39276|17|2|0|1|0.3938|3289.7651400077616
39360|32|2|0|1|3.08|5263.088406494472
39495|17|1|0|1|3.76|9647.976561547115
39664|59|1|0|1|1.122|2511.9506509535054
39664|59|2|0|1|1.122|4062.101555955268
39664|68|1|0|0|1.4329|3979.930335161206
39939|87|2|0|0|0.6882|8479.080276109398
39979|17|1|0|1|0.7419|3225.363924136203
40200|71|1|0|1|1.774|2798.8714463782803
40204|17|2|0|1|0.2543|1416.4848070861096
40352|32|2|0|1|0.35|3310.34372122987
40447|26|2|0|1|1.4783|9666.10262048745
41027|32|2|0|1|1.877|10151.178955249141
41398|17|2|0|1|0.9908|4319.0078883360575
41607|59|1|0|1|1.6562|3797.4558198363166
41607|81|1|0|1|0.46|1468.137331181485
42164|17|2|0|1|0.6153|3929.017837568652
42384|59|1|0|1|0.1236|995.242911118223
42448|9|2|0|0|1.0209|3335.035413250733
42483|32|2|0|1|0.2992|1999.4756639639872
42520|32|2|0|1|0.0418|3434.2892177837716
42577|9|2|0|0|1.2|5072.164832699451
42777|59|1|0|1|0.78|5336.446769939011
42787|40|2|0|1|0.9728|7605.656166086481
42915|40|1|0|1|0.2732|1051.7262722367675
43077|9|2|0|0|0.5|3065.248928134269
43129|59|1|0|1|0.6094|1914.8107896296615
43256|87|2|0|0|1.61|9040.952993255058
43705|17|2|0|1|4.2676|12914.587008576184
44150|9|2|0|0|4.314|29289.565050008274
44150|32|2|0|1|1.04|7243.904904240733
44150|59|1|0|1|1.45|13993.745121365784
44150|81|2|0|1|0.8948|5621.555387644549
44150|87|1|0|0|0.1|1541.7419515867593
44155|59|2|0|1|0.034|4570.731158088644
44512|32|2|0|1|3.78|31806.70921276506
44625|17|2|0|1|1.29|4778.686901093405
44713|59|1|0|1|2.12|4813.60937850876
44837|68|1|0|0|0.4|2702.1290972145493
45489|26|2|0|1|1.87|10775.624487744488
45489|32|2|0|1|6.8|60640.20516343343
45680|59|2|0|1|1.7696|15486.919457627233
45742|9|2|0|0|0.9776|3602.979241487442
45773|32|2|0|1|5.22|39158.402611642676
45849|40|2|0|1|0.5089|2665.4100327066644
46130|59|2|0|1|0.1257|935.2228101069304
46499|32|2|0|1|0.2835|3917.025609291153
46712|59|2|0|1|0.2765|1985.7148566559135
47033|59|1|0|1|1.0523|4152.107324529221
47258|40|2|0|1|1.334|10364.757177903033
47298|59|1|0|1|0.17|697.9593585518762
47465|59|2|0|1|1.0211|5155.47888902055
47532|26|2|0|1|0.55|2900.0296702980954
47561|17|2|0|1|0.5797|4112.864337895815
47829|17|1|0|1|1.31|2392.9495325302896
47829|17|2|0|1|1.31|7615.595364118859
47829|92|1|0|0|1.3464|11918.804767976484
47874|17|1|0|1|1.1386|2712.4733199027064
47874|59|1|0|1|0.8385|2037.7317308683537
47921|32|2|0|1|7.3735|45318.11792313291
48223|17|2|0|1|1.464|7473.495052581645
48410|68|1|0|0|1.12|5100.4454837600315
48410|68|2|0|0|1.12|4815.829630906964
48410|81|1|0|1|1.2873|4479.7230477148705
48410|81|2|0|1|1.2873|7056.001147948521
48410|87|2|0|0|0.2441|2542.192352163452
48438|17|1|0|1|0.4449|2137.0041699842477
48453|17|1|0|1|2.0878|8341.950864189785
48453|17|2|0|1|2.0878|4233.178553723716
48461|84|2|0|0|2.2005|13786.092669884267
48615|15|2|0|1|2.0116|15344.59356311638
48615|81|2|0|1|1.8099|17424.833378512412
48626|32|2|0|1|3.7503|22474.352201147358
48652|17|1|0|1|0.57|2456.6736371693596
48652|59|1|0|1|1.24|3284.1887384351935
48720|59|2|0|1|0.2209|1753.4731800033924
48807|17|1|0|1|0.47|2510.283398205713
48816|15|2|0|1|2.11|15797.427885096105
48827|17|1|0|1|5.24|7583.149191188507
48827|17|2|0|1|5.24|27871.10784768632
48827|40|2|0|1|8.41|33611.4420591774
48827|59|1|0|1|8.1338|6984.424574603768
48827|59|2|0|1|8.1338|14643.849167144417
48849|59|2|0|1|2.03|10334.666719279789
48877|32|2|0|1|13.18|88492.71580683917
48877|52|2|0|1|7.21|35674.31631098838
48877|59|2|0|1|7.17|50533.36920822841
48877|81|2|0|1|7.99|69747.65457699796
48890|48|2|0|0|4.9765|12243.586710501864
49034|59|1|0|1|1.1009|2423.1663417926784
49130|17|1|0|1|2.7138|6343.3686634250125
49305|9|2|0|0|3.1844|11564.511661302384
49345|40|2|0|1|1.83|3348.250836677798
49345|59|2|0|1|0.82|1709.4693549586302
49541|68|1|0|0|3.0|12898.998914958083
49541|87|2|0|0|2.78|23544.746910312726
49541|94|2|0|0|1.88|8570.910552497677
49636|9|2|0|0|2.8601|7385.714632052895
49636|17|2|0|1|12.2474|70246.01924614167
49636|26|2|0|1|3.0178|11045.81489005818
49636|52|2|0|1|6.9004|31169.780522865625
49636|59|2|0|1|20.8122|84482.76890099056
49636|81|2|0|1|0.44|4044.7059984539505
49672|32|2|0|1|1.1995|6282.678417150543
49929|59|1|0|1|0.17|1311.6006575222032
50093|17|1|0|1|1.0286|5123.966512237028
50343|87|1|0|0|3.4319|12548.763573113712
50386|40|2|0|1|0.4262|3376.8764032075624
50441|59|1|0|1|1.01|4211.433090496497
50486|59|2|0|1|2.4|13359.812082072065
50528|4|2|1|1|21.598|45505.72618499684
50528|52|2|1|1|2.85|6608.04068872926
50647|40|2|0|1|0.5223|2231.3310410067543
50909|9|2|0|0|2.0004|12071.457358299911
51031|8|2|0|0|2.09|5953.247357596681
51311|59|1|0|1|0.3799|883.3139067216961
51387|23|2|0|1|0.4422|2272.3952244595816
51766|52|1|0|1|0.6861|2894.5689172661687
51822|17|1|0|1|12.41|39381.45390833893
51852|17|2|0|1|2.55|8979.313544764569
52008|8|2|0|0|6.9|45547.32383466669
52069|40|2|0|1|2.405|16769.833953197256
52160|94|2|0|0|4.25|18108.454979658953
52182|17|1|0|1|1.1038|2149.960137623049
52311|87|2|0|0|0.2315|1224.1871088940504
52363|59|1|0|1|0.7608|4638.270107594043
52441|17|2|0|1|0.271|1514.3191493348295
52475|59|1|0|1|1.7105|3915.0903650831165
52835|59|2|0|1|0.7394|3028.463649635671
52973|43|2|0|0|1.362485|9348.851344984712
53020|15|2|0|1|0.2942|2108.2894517282357
53135|40|2|0|1|0.2821|1377.2253078180302
53137|4|2|1|1|6.88|16336.84834389499
53137|26|2|1|1|5.0644|14054.64581030323
53298|59|2|0|1|2.2158|10097.023096676747
53833|68|1|0|0|0.85|4664.159655281355
53891|32|2|0|1|1.4798|3223.579025407097
53975|17|2|0|1|2.34|15312.340384700985
53975|32|2|0|1|0.3076|2866.512272829712
54183|87|1|0|0|1.26|3405.349882983604
54397|87|1|0|0|0.1|847.8378582191928
54915|15|2|0|1|2.06|15560.64586134828
54960|68|1|0|0|1.57|5914.095443740039
55225|32|2|0|1|2.3661|4529.4834840851845
55261|32|2|0|1|3.2715|6300.9832481266485
55281|26|2|0|1|0.31|2969.0594029242343
55370|17|1|0|1|0.843|1576.6615100247789
55497|59|1|0|1|6.7226|7606.384430089473
55518|40|2|0|1|1.2247|4332.37224836489
55611|81|1|0|1|0.89|7440.165753292472
55618|32|2|0|1|0.4105|4762.778139662082
55644|52|2|0|1|0.9483|7899.872699723891
55693|52|2|0|1|0.4136|2605.838905380174
55823|59|1|0|1|0.8921|3643.140111743223
56446|17|1|0|1|0.5939|2251.798102002926
56834|32|2|0|1|2.1421|12871.445625766512
56863|17|2|0|1|1.5098|7419.4209296706
56971|32|2|0|1|4.7086|31797.561712014143
57052|17|1|0|1|1.83|4697.969500749778
57052|59|1|0|1|5.8907|9766.050663665404
57052|87|1|0|0|3.1|6687.135274601915
57191|32|1|0|1|3.7255|7132.173948590478
57191|32|2|0|1|3.7255|31851.893153744422
57203|59|1|0|1|0.3092|1011.8676015248302
57254|32|2|0|1|1.4107|11450.82374569618
57254|59|2|0|1|1.1054|5244.323505937897
57397|59|2|0|1|1.0026|5665.128442201652
57440|32|2|0|1|3.72|7772.937486362751
57450|17|1|0|1|0.41|2122.432692468095
58150|52|2|0|1|1.6289|8714.902838161152
58378|81|1|0|1|0.7262|4684.521898924795
58478|17|2|0|1|0.1844|2216.939031771734
58567|17|2|0|1|2.6214|12380.614918562016
58595|81|2|0|1|2.285|16235.783393722873
58685|52|2|0|1|0.265|1944.3783228816008
58769|32|2|0|1|4.25|38451.84192223239
58769|59|2|0|1|4.07|38317.596494401
58948|17|1|0|1|0.42|647.3706128445566
59027|15|2|0|1|0.4526|3070.810021737347
59124|15|2|0|1|0.2991|1980.6902001110075
59146|59|2|0|1|1.7|9708.57222590046
59317|15|2|0|1|0.8451|4446.228445139747
59317|59|2|0|1|0.7555666666666667|3259.63158130185
59397|40|2|0|1|2.7|23192.697760670635
59397|59|2|0|1|2.7857|20253.687446207015
59516|59|1|0|1|0.5501|3518.94332143421
59516|65|1|0|1|1.1399|4883.29430815265
59544|59|2|0|1|2.52|15459.776678484488
59598|32|1|0|1|0.079|845.1458888676111
59612|81|2|0|1|1.1326|6939.249327746931
59757|9|2|0|0|0.417|2462.0122252358647
59892|9|2|0|0|3.5355|11372.849206414716
59892|17|2|0|1|7.6771|48851.73871281365
59939|9|2|0|0|2.54|9075.396769278223
59939|17|1|0|1|10.86|32839.21787679077
59939|17|2|0|1|10.86|33442.158372972925
59939|52|2|0|1|3.5271|17651.486378115573
60279|87|1|0|0|1.12|5210.159707890543
60279|87|2|0|0|1.12|5954.745764108617
60635|17|1|0|1|2.4754|16020.260668302803
60667|40|2|0|1|0.6019|3053.2214951478027
60871|40|2|0|1|3.9349|13848.252184674064
60871|59|2|0|1|4.61|17291.712024402037
60871|81|1|0|1|6.09|10444.883191983492
60871|81|2|0|1|6.09|20495.062376235433
61062|9|2|0|0|2.32|7562.337532800768
61062|84|2|0|0|0.9|8394.788531426055
61062|94|2|0|0|2.0|8801.20219629792
61076|23|2|0|1|0.8655|4262.825375627712
61161|59|1|0|1|1.58|6155.014796314154
61177|17|2|0|1|7.039|32959.55421324286
61177|26|2|0|1|2.2924|17891.451263426534
61177|32|2|0|1|5.1465|39782.07983593219
61177|52|2|0|1|7.9425|35000.083269218776
61370|15|2|0|1|0.9986|4089.408146634964
61431|40|2|0|1|1.2584|4357.180051034899
61478|32|2|0|1|2.49|5656.345343058805
61497|15|2|0|1|1.8309|9018.29474679533
61845|59|1|0|1|0.48|2118.760074963062
61928|81|1|0|1|2.45|8784.280063118826
62259|94|2|0|0|0.399|2980.7528722827415
62440|15|2|0|1|0.2342|1934.0054877282735
62521|59|1|0|1|0.0398|465.3571051141701
62521|87|2|0|0|0.0243|790.5688695285409
62580|59|1|0|1|0.56|1280.5400729309679
62606|26|2|0|1|0.49|4048.1474760015344
62629|23|2|0|1|1.76|8379.614212437446
62629|81|1|0|1|5.0857|13382.597144031462
62869|59|1|0|1|0.405|1689.6206824344447
62977|26|2|0|1|1.8474|9532.801198413426
62977|52|2|0|1|4.8447|19852.222673789594
62977|87|2|0|0|0.3939|5492.07980274322
63133|59|1|0|1|1.7|3841.372426967217
63133|68|1|0|0|1.48|4858.00738815368
63133|68|2|0|0|0.13|3308.1307960359095
63133|81|1|0|1|0.2245|3312.407458989148
63133|81|2|0|1|0.2245|3496.863494276555
63133|87|2|0|0|0.1229|3149.0564484474125
63181|17|1|0|1|2.68|12493.012344174516
63181|68|1|0|0|1.1|6174.69088870312
63209|17|1|0|1|0.6366|918.6441930273713
63209|17|2|0|1|0.6366|4616.446746853167
63312|15|2|0|1|2.1223|16803.168493584002
63365|59|1|0|1|4.41|14199.068144623612
63510|59|1|0|1|0.1373|534.8447334055878
63812|40|1|0|1|1.0513|3014.0571852254743
63812|40|2|0|1|2.32|7135.156806113418
63987|68|1|0|0|0.5128|3851.822431720796
64042|59|1|0|1|4.03|18936.975383000445
64329|59|2|0|1|0.8939|7020.682574724702
64499|32|2|0|1|1.3996|10270.527083520801
64722|81|1|0|1|0.63|3113.386970999984
64738|52|1|0|1|0.44|3352.8755687367493
64738|52|2|0|1|0.44|4328.367559601938
64845|59|1|0|1|0.81|2123.03087947283
64845|59|2|0|1|0.81|4488.898145630814
64919|59|2|0|1|1.4|8902.266826570409
65256|87|2|0|0|0.8094|6527.930373902826
65375|32|2|0|1|2.1694|13037.303555987324
65838|59|1|0|1|1.3993|3834.6067677012757
65838|59|2|0|1|1.3993|4708.754592007753
65920|81|1|0|1|0.17|1868.972463777007
65935|9|2|0|0|0.57|2275.1864376833582
65991|15|2|0|1|1.935|18711.73098055902
66010|59|2|0|1|0.7254|3805.9930957930196
66052|81|2|0|1|1.74|10157.823878485991
66350|9|2|0|0|1.95|8919.028980116833
66350|32|2|0|1|3.131|19787.73621402111
66350|59|2|0|1|3.1037|19683.871226284493
66451|59|1|0|1|4.6496|9313.423857636837
66472|17|1|0|1|0.4659|2190.5125928337607
66708|40|2|0|1|0.6647|4561.349843084144
66871|68|1|0|0|0.959|2970.7733936656896
66914|15|2|0|1|1.156|8241.733933815081
67061|40|2|0|1|0.2568|2416.1755309723026
67186|32|2|0|1|3.2218|17943.24391271018
67292|43|2|0|0|0.57|3133.9718468038736
67512|9|2|0|0|0.82|4139.028962946357
67670|17|2|0|1|0.6158|3668.129982945264
67739|9|2|0|0|4.9882|17283.339788198668
67743|59|1|0|1|0.904|3632.9966423301003
67767|52|2|0|1|0.2785|2767.694388537142
67872|15|2|0|1|4.43|13655.621386594215
67923|23|2|0|1|3.2408|20483.709710887786
67974|40|2|0|1|1.64|11746.63712528907
68049|87|2|0|0|0.46|3817.4624620025866
68089|26|2|0|1|2.4|16134.10740945089
68089|52|2|0|1|9.35|46759.834395613565
68089|59|2|0|1|9.54|60611.92510708914
68145|4|2|1|1|5.18|12601.504173303054
68145|15|2|1|1|0.8455|4619.301191659699
68145|26|2|1|1|1.7034|5192.9477001219975
68145|52|2|1|1|1.95|5870.447577495449
68145|59|2|1|1|2.86|7685.745804488073
68718|52|2|0|1|2.11|8512.483707059395
68761|32|2|0|1|1.2254|6686.004441722075
68807|17|1|0|1|0.5972|2134.310294629072
68850|59|1|0|1|2.08|11035.021232868843
68936|40|2|0|1|3.2633|13227.69084590384
68971|43|2|0|0|3.8101|9711.133548755599
68971|68|1|0|0|2.0857|4100.467940497698
69003|59|1|0|1|3.561|19958.121872361928
69033|40|2|0|1|0.4186|3308.716592214561
69138|17|1|0|1|2.5|11842.762925915024
69205|32|2|0|1|4.0997|16850.363506815665
69387|87|1|0|0|0.5469|3611.134600691732
69470|40|2|0|1|0.7886|6230.840084618393
69552|59|1|0|1|2.51|5123.226121536094
69552|59|2|0|1|2.51|5926.716438032343
69552|65|2|0|1|1.02|7453.4203212751845
69576|23|2|0|1|0.9315|4791.130165677954
69730|52|1|0|1|4.2266|5704.989243146919
69730|52|2|0|1|4.2266|11437.028661150367
69901|81|2|0|1|0.5058|3066.512554478985
69939|40|2|0|1|0.3211|3006.723780970147
70039|59|2|0|1|7.737|43490.10999967522
70101|59|2|0|1|0.4804|2739.9106456086265
70111|9|2|0|0|1.67|5525.89943202635
70112|17|1|0|1|0.62|1217.712910096354
70172|40|2|0|1|1.9222|10685.938883667604
70224|17|2|0|1|0.0869|3964.6409317133903
70378|9|2|0|0|2.45|3886.6993232923255
70407|17|1|0|1|0.9209|4454.050600174239
70407|87|1|0|0|1.01|3275.9205977623956
70449|59|1|0|1|2.9|6794.555398203141
70520|9|2|0|0|0.0346|1237.577777882742
70598|59|1|0|1|0.8341|3774.4416329815326
70598|92|1|0|0|2.2117|6802.5456829343675
70604|81|2|0|1|1.2361|8253.999114234779
70620|59|1|0|1|0.85|1904.2563090494127
70658|40|2|0|1|0.2509|2097.227868972691
70721|15|2|0|1|2.5909|17818.372157642287
70754|59|2|0|1|2.8132|15610.751705548382
71061|32|2|0|1|2.2081|4190.875594956455
71260|26|2|0|1|1.1584|4739.080721486899
71300|26|2|0|1|2.12|13590.699689739391
71300|68|1|0|0|1.9039|8227.519040702904
71300|84|1|0|0|1.9039|8449.395886130003
71520|9|2|0|0|0.2912|1941.710370155501
71533|59|2|0|1|1.2264|7337.462181613349
71764|17|2|0|1|0.91|20779.221567156008
71764|23|2|0|1|0.0622|1470.7032914703668
71764|32|2|0|1|2.81|13978.53865387319
71764|87|2|0|0|1.68|15083.551604027496
71764|94|2|0|0|6.096|14699.515989364918
71788|59|2|0|1|0.2962|1926.0522139202844
71833|94|2|0|0|1.0259|3674.693451146809
71993|81|2|0|1|1.2817|15445.041407627905
72027|4|2|1|1|2.76|6823.953795577375
72124|32|2|0|1|0.9395|7323.2391275225145
72130|81|2|0|1|4.3341|19654.6815409332
72175|59|1|0|1|0.43|1918.5250955484187
72252|17|1|0|1|0.42|903.9340403884795
72315|59|1|0|1|0.0965|558.640911889715
72387|59|2|0|1|0.3881|2507.6706042105156
72495|17|2|0|1|3.29|20945.572331307263
72495|40|2|0|1|2.86|21251.062086845144
72583|59|1|0|1|0.8782|3411.3693741959446
72803|26|2|0|1|3.38|36872.45137224823
72803|40|2|0|1|1.3463|11931.026944155281
72803|59|2|0|1|2.5891|20593.25389778284
72803|94|2|0|0|0.7963|5726.800260904801
73332|32|2|0|1|0.6041|3134.208164582921
73443|17|1|0|1|0.6416|2874.269200760803
73443|17|2|0|1|0.6416|4231.76043758446
73540|59|2|0|1|0.3201|2043.6372189656481
73580|59|1|0|1|0.6303|2247.0588853826853
73893|40|2|0|1|1.1582|3943.094069680449
74003|59|2|0|1|2.9465|12877.708522289737
74004|52|2|0|1|0.3834|4484.247206390396
74410|32|2|0|1|3.7392|18089.045009394187
74427|17|2|0|1|1.57|8195.894515787333
74473|59|2|0|1|1.7953|7581.809421648114
74722|59|1|0|1|0.6768|3107.7773993045907
74812|17|1|0|1|0.28704|671.8546910078608
74974|15|1|0|1|0.2961|970.3464546870766
75037|15|2|0|1|0.5665|2858.2245983393386
75065|59|1|0|1|1.66|2517.5324958793303
75075|17|2|0|1|0.74|3184.0262075935025
75171|17|2|0|1|1.73|8889.277443876097
75379|40|2|0|1|0.42977|1341.3196062531206
75402|59|1|0|1|0.39|1761.3519019009855
75428|59|2|0|1|0.3355|1766.0018452705972
75464|81|1|0|1|1.2212|3250.3098106602
75702|17|1|0|1|3.5176|8303.629767960778
75832|87|2|0|0|0.121|1023.7680156989278
76117|87|1|0|0|1.08|4255.91756089024
76134|26|2|0|1|1.2068|7857.900275128718
76361|59|2|0|1|0.4463|2784.359970690223
76459|15|2|0|1|2.3918|19464.23357139803
76459|17|1|0|1|0.9737|6041.057993768863
76459|26|2|0|1|7.5446|67360.94010923072
76459|52|2|0|1|8.5245|66417.77838312749
76476|17|1|0|1|0.7054|2698.7339769871724
76588|32|2|0|1|6.8286|22798.01793000325
76588|59|2|0|1|1.3303|11220.945330534994
76698|17|1|0|1|0.5188|1722.4414334452576
76949|32|2|0|1|0.4293|2948.215371711308
76977|81|2|0|1|0.9352|6495.347743406013
77069|59|1|0|1|2.3254|4218.10437833659
77330|81|2|0|1|1.76|12433.861853517046
77440|59|1|0|1|0.47|2894.432879237786
77527|52|2|0|1|1.12|6850.951982533675
77614|59|2|0|1|0.4619|1895.7810365276514
77616|17|1|0|1|0.6166|1314.012333725015
77661|32|2|0|1|1.289|4604.855354619333
77844|59|2|0|1|1.0818|4654.95440899974
77867|81|2|0|1|1.03|6259.1479487631
77867|87|2|0|0|3.22|14414.521942359977
77964|87|1|0|0|0.3064|1791.7463308582574
77984|15|2|0|1|0.6446|3995.6219494915076
77984|59|2|0|1|0.7555666666666667|3219.4119957617945
77984|81|2|0|1|1.5893|4663.958927092028
78210|59|2|0|1|5.6249|19583.394947114866
78229|68|1|0|0|1.162|6481.9344003680535
78273|94|2|0|0|1.7842|12493.943343893574
78281|94|2|0|0|3.82|26930.490602817565
78460|81|2|0|1|4.536|37652.70993653662
78565|8|2|0|0|1.057|3220.361515390701
78846|15|2|0|1|0.6955|4135.413207905543
78846|59|2|0|1|0.7555666666666667|3551.779299423176
78863|17|2|0|1|2.0094|8031.613594609833
79247|32|2|0|1|3.4083|31261.072536331125
79247|59|2|0|1|1.4779|12891.776963828514
79253|17|1|0|1|0.0282|381.0566188690349
79550|15|2|0|1|2.5369|12078.558132029353
79653|59|1|0|1|3.1556|12107.145221212768
79722|52|2|0|1|0.3581|1977.6527321356316
79796|94|2|0|0|2.9977|17834.30228284093
79903|23|2|0|1|1.016|5033.584935484061
80170|32|2|0|1|2.1631|5946.260936133118
80170|59|2|0|1|1.8688|6515.540548472915
80461|59|1|0|1|0.4008|1224.0790205736298
80479|52|2|0|1|5.64|20492.426626081946
80506|40|2|0|1|1.7935|8613.570050432481
80600|52|1|0|1|0.8949|2352.2439826164787
80627|8|2|0|0|3.0|22397.12703288504
80627|9|2|0|0|11.16|51096.6487474
80627|43|2|0|0|4.24|21291.04383460853
80627|62|2|0|0|1.8|8584.511053894006
80886|17|2|0|1|0.19|4113.509401909821
80942|17|2|0|1|3.9164|18868.122269556538
81034|17|1|0|1|3.07|6879.181149141307
81034|68|1|0|0|4.8904|9688.639756255863
81034|92|1|0|0|3.51|6235.671798282976
81093|17|1|0|1|0.7|2772.17060796034
81554|32|2|0|1|0.4686|3732.1064030976936
81717|17|1|0|1|0.2624|1262.400652195151
82023|43|2|0|0|6.5144|21726.6315869372
82727|17|1|0|1|0.9814|3234.1818217233545
82928|15|2|0|1|3.785|21525.227074537488
82939|68|1|0|0|0.76|3269.0934925033416
83256|59|2|0|1|2.2643|10093.678940309263
83458|10|2|0|1|1.8125|11502.816128631714
83458|26|2|0|1|1.0167|9066.731526275444
83472|17|1|0|1|7.42|31279.9529340242
83472|59|1|0|1|16.46|57534.893956288186
83472|81|1|0|1|8.0|9904.900110242817
84051|15|2|0|1|4.1|21310.164005907318
84051|23|2|0|1|3.8|36195.23043301699
84051|59|2|0|1|3.0|14977.214944346098
84174|15|2|0|1|2.74|8340.755993544652
84174|32|2|0|1|2.628|8119.050535477881
84174|40|2|0|1|3.06|8569.351969851648
84183|59|2|0|1|0.6629|3554.9096102261224
84287|59|1|0|1|0.3975|1150.7419692411002
84380|17|1|0|1|0.1183|393.8161308301504
84413|94|2|0|0|1.3638|9724.262513264815
84482|81|1|0|1|4.9577|25581.151386052356
84518|32|2|0|1|0.36|3254.6691035833246
84613|59|1|0|1|5.5066|20699.998544281563
84613|81|1|0|1|1.1581|6844.605411145672
84689|92|1|0|0|1.1398|2784.638194768454
84804|17|2|0|1|1.66|7881.278432480986
84804|32|2|0|1|17.1833|104692.2941283769
84904|32|2|0|1|1.021|5837.887084260207
84948|68|1|0|0|2.3375|5619.781236619302
85001|15|2|0|1|0.7811|4859.8806507596155
85201|17|1|0|1|0.1584|404.02613299577666
85203|59|2|0|1|0.8159|2837.4505272534366
85407|59|1|0|1|0.5971|2082.114378777014
85414|59|2|0|1|2.55|14445.881305931583
85515|15|2|0|1|1.8689|13489.324932276906
85546|23|2|0|1|7.1294|18437.23104241257
85548|26|2|0|1|3.6318|21915.80095009512
85548|32|2|0|1|1.61|12090.802941426933
85548|40|2|0|1|1.03|4980.292410005968
85756|59|1|0|1|3.3923|5164.638102875155
85840|81|1|0|1|1.4|6450.860723532536
85840|87|2|0|0|1.85|18349.77298310761
85855|59|2|0|1|0.9497|5225.008627002933
85924|52|2|0|1|0.42|3276.0774976051466
85950|9|2|0|0|2.17|8477.416111795374
85950|94|2|0|0|0.66|2946.8873818928328
85952|87|2|0|0|0.5336|2769.242878534114
85984|32|2|0|1|4.37|25700.10265561305
85984|59|2|0|1|4.6|29835.26184999096
86182|84|2|0|0|0.1759|1709.2747780501168
86229|59|2|0|1|0.1187|1133.2629236038051
86237|17|1|0|1|0.1655|445.57050904290975
86267|52|2|0|1|0.44|2080.9687345948146
86271|40|2|0|1|0.6|2216.626748627919
86271|59|1|0|1|1.001|5114.65897042997
86271|59|2|0|1|1.001|2974.041675312185
86271|87|2|0|0|1.4113|13461.441014925003
86542|59|1|0|1|0.61|2667.0335892126
86582|17|1|0|1|3.806636434108527|40221.14040371979
86582|59|1|0|1|6.418055555555557|6333.450265150825
86743|26|2|0|1|1.77|7360.160173764209
86749|52|2|0|1|1.55|7017.8237000483205
86767|94|2|0|0|0.6348|6026.369165924972
86901|52|2|0|1|1.27|6593.514236140856
86916|40|2|0|1|4.6468|36732.323223996784
87125|17|2|0|1|0.43|4269.604379182103
87125|32|2|0|1|0.244|4052.565786947294
87201|59|1|0|1|0.416|4061.083684710216
87207|59|2|0|1|0.33|1799.5888257673266
87293|32|2|0|1|2.7309|23864.807693709256
87293|59|2|0|1|1.2014|12556.78352942824
87434|15|2|0|1|2.43|13206.329628222154
87539|59|2|0|1|0.322|1969.1893396199425
87552|9|2|0|0|0.77|2869.3071268032054
87664|59|1|0|1|2.09|3013.379265105649
87873|32|2|0|1|1.3747|9974.853743538284
87873|59|1|0|1|5.9563|14749.110996349364
87873|59|2|0|1|5.9563|18671.33251280682
87878|15|2|0|1|6.9837|31476.107044348646
88023|9|2|0|0|0.2624|1811.9176658097617
88040|17|1|0|1|3.2779|10986.459346012123
88040|92|1|0|0|0.5|3044.5157985663845
88205|87|1|0|0|0.5341|2957.9925802970306
88517|87|1|0|0|0.941|6784.561089184609
88525|23|2|0|1|2.06|8508.5017719555
88691|17|2|0|1|2.453|11699.880968420948
88841|52|1|0|1|0.8096|3260.0625144366563
88928|40|2|0|1|4.5727|48335.2552512638
88928|52|2|0|1|1.6099|14121.34887272999
89417|23|2|0|1|2.9756|18216.50001961781
89417|32|2|0|1|1.3|10546.030091406472
89417|59|2|0|1|3.96|32975.64604809319
89430|15|2|0|1|0.78|3696.2673955562054
89440|26|2|0|1|4.5|26987.600833993976
89440|40|2|0|1|2.16|14827.810716996202
89602|32|2|0|1|4.3488|14265.227184480438
89768|52|2|0|1|2.5313|6442.567589178007
89835|17|1|0|1|0.193|784.2569406340929
89842|17|1|0|1|0.2143|1260.086855594189
90076|15|2|0|1|0.189|2614.8304058666395
90202|9|2|0|0|1.9441|6342.839804102446
90227|17|1|0|1|1.66|2708.838245656984
90537|59|2|0|1|0.469|3024.9432872056886
90597|59|1|0|1|1.93|6819.634168162369
90901|59|2|0|1|7.236|29395.054908898688
90980|9|2|0|0|0.6787|5684.756467896085
91094|59|1|0|1|0.93|6378.964841308555
91148|23|2|0|1|2.4211|14397.116469463415
91148|32|2|0|1|1.58|9622.40276198299
91178|59|1|0|1|0.279|1546.0183584743472
91179|9|2|0|0|2.0044|7639.484671004075
91179|17|2|0|1|1.1188|6871.560192921806
91249|40|2|0|1|1.42|9229.128806780407
91435|59|1|0|1|0.0908|579.6464557540062
91517|59|2|0|1|0.1383|1059.2008072591045
91543|40|2|0|1|0.2663|2168.3083129657452
91752|32|2|0|1|1.0168|5157.397335665754
91794|23|2|0|1|0.7848|4253.296174170858
91845|38|2|0|0|0.69|6095.271125483485
91975|15|2|0|1|0.2627|1961.4223371780092
92013|87|2|0|0|5.1275|13693.828076652326
92023|8|2|0|0|2.3639|8516.50846899873
92027|59|1|0|1|0.43|3086.137164882262
92099|40|2|0|1|0.8439|3663.2306314049674
92218|68|1|0|0|1.6952|4926.245239694215
92218|94|2|0|0|2.11|7541.858616063025
92490|32|2|0|1|0.9995|4698.0384079074975
92531|59|1|0|1|0.82|2911.289025069667
92531|59|2|0|1|0.82|3932.0342978661747
92556|15|2|0|1|1.689|12076.646559699215
92556|32|2|0|1|1.2623|8946.108123636324
92583|17|1|0|1|1.56|2309.506030117263
92583|43|2|0|0|2.287|14405.899999258072
92583|68|1|0|0|1.8|5088.961218637525
92583|84|2|0|0|1.28|4775.167661035418
92583|87|1|0|0|2.0|4901.223338374594
92853|17|1|0|1|0.5109|881.154472852066
92933|17|1|0|1|0.2033|1425.2436328001652
93168|59|1|0|1|1.23|4861.293141853292
93182|40|2|0|1|0.7699|4491.00352863589
93228|17|1|0|1|0.4673|2638.547518122588
93417|59|2|0|1|1.4687|11123.845880512075
93435|17|1|0|1|2.13|8158.392004034302
93435|26|2|0|1|0.88|4955.102617570764
93498|59|1|0|1|5.0336|36412.5839222118
93510|92|1|0|0|0.08|904.6712737756841
93538|17|1|0|1|3.95|7330.66117539779
93538|59|1|0|1|3.2279|6628.18011568776
93922|59|2|0|1|3.1367|25784.8930074502
93922|87|2|0|0|4.914|51769.86653023839
93970|59|2|0|1|1.1155|4708.724437140655
94033|52|2|0|1|2.0521|10713.485418277094
94181|81|2|0|1|2.7883|14244.890276834301
94181|84|2|0|0|0.5585|4024.062264167589
94553|32|2|0|1|3.4|25064.53637214072
94553|59|2|0|1|3.256|22975.539355304256
94554|94|2|0|0|2.340479|15013.249598995106
94589|59|2|0|1|0.2133|1984.9160612873952
94886|32|2|0|1|3.5729|31030.095792799722
94968|32|2|0|1|2.14|13255.604072551248
95008|17|1|0|1|0.5394|3707.750000558093
95011|15|2|0|1|0.1441|2483.597917083658
95018|59|2|0|1|0.4685|1869.734416895265
95287|40|2|0|1|1.7539|13563.57276241104
95311|15|2|0|1|0.79|3564.126684026135
95319|32|2|0|1|0.9969|7751.76082141189
95372|52|1|0|1|1.1195|5016.728506938566
95396|68|1|0|0|1.45|5052.445382780718
95476|17|2|0|1|4.07|24379.968146443734
95476|59|2|0|1|2.0438|11171.226526910465
95476|68|1|0|0|2.71|5875.938797032372
95476|81|2|0|1|1.9108|18109.42343661665
95601|87|1|0|0|1.19|4305.638360236689
95661|59|1|0|1|0.61|2524.882807460853
95678|17|1|0|1|9.52|62849.07607249502
95678|52|2|0|1|4.02|52745.402869617705
95678|59|1|0|1|20.82|57999.67322553599
95678|94|2|0|0|9.7353|53284.891394094026
95961|17|1|0|1|0.4055|1994.685617199144
95974|81|2|0|1|0.3746|2568.172700067543
96004|17|1|0|1|0.8502|1116.5922010571762
96038|17|1|0|1|0.31|2126.3325262898866
96379|87|1|0|0|0.6912|4237.355925455784
96414|17|1|0|1|0.3349|2170.5978867362674
96832|59|2|0|1|0.4201|5224.733424320611
96847|17|1|0|1|2.06|2360.9414035666146
96975|23|2|0|1|2.022|11576.978418454444
97172|59|2|0|1|2.6984|10130.041790920628
97437|38|2|0|0|3.53|20811.590523538456
97437|59|1|0|1|0.7793|4627.395776506565
97574|59|2|0|1|2.72|8110.279140921838
97661|68|1|0|0|3.52|6861.91894262879
97695|52|1|0|1|0.4164|2542.284550926949
97861|59|1|0|1|1.75|3215.279321767036
97942|68|1|0|0|2.58|4223.5452177751295
97942|81|1|0|1|0.1925|1241.454014514672
97945|59|1|0|1|0.406|1948.1912828851678
98118|17|2|0|1|0.83|3399.619975136144
98118|52|2|0|1|2.18|9191.294561403522
98118|59|2|0|1|0.88|3156.569935279522
98140|26|2|0|1|3.56095|23368.781621201382
98140|59|2|0|1|4.59|22595.13170568971
98248|87|1|0|0|0.5191|3313.5778553595715
98265|32|2|0|1|1.41|11315.906426206724
98346|40|2|0|1|0.649|4050.3066423076657
98490|59|1|0|1|0.41|3338.6934643098607
98571|17|1|0|1|0.2463|486.7185443495655
98646|9|2|0|0|3.23|12987.761981269668
98747|9|2|0|0|3.32|12999.572962590377
98747|59|2|0|1|2.1089|10274.92562713047
98814|32|2|0|1|3.3267|21165.21678399742
98814|40|2|0|1|2.7724|10509.479100693856
98825|94|2|0|0|2.4491|14247.931471282664
98871|52|2|0|1|0.2429|1146.6093332425148
98995|17|1|0|1|0.344|1252.7541837823546
98995|68|1|0|0|0.5746|2229.999420262287
99108|52|2|0|1|1.611|6030.537844873363
99146|17|2|0|1|0.8314|4201.723939129119
99282|59|2|0|1|1.6244|7654.657389104634
99377|52|2|0|1|0.65|2559.978122392803
99693|81|1|0|1|6.3397|28861.280945090006
99793|52|2|0|1|0.1326|3874.17508463515
99793|87|2|0|0|0.0189|3499.3674763309646
