439|9|2|0|0|1.08|3338.2382958030125
447|40|2|0|1|0.4694|2191.883536257866
523|32|2|0|1|0.6478|1594.0781636763797
702|59|2|0|1|1.1331|5438.088332846029
797|59|1|0|1|7.5143|12254.174096859739
797|68|1|0|0|2.3854|7695.941784754847
812|68|1|0|0|0.5741|3226.5582608491463
917|59|1|0|1|1.2795|2892.071332493586
966|32|2|0|1|0.6647|1572.2937008688386
1022|17|2|0|1|0.4694|2745.972033059851
1133|17|2|0|1|0.0969|774.9797394550427
1142|59|1|0|1|0.85|1138.6695332351435
1190|59|2|0|1|2.4615|10393.480432495997
1270|9|2|0|0|2.48|9270.058288632137
1270|94|2|0|0|0.37|1354.1142635352353
1554|32|2|0|1|0.0646|808.5297843316963
1592|32|2|0|1|3.6637|6998.28246858253
1777|59|1|0|1|0.2944|305.2715681098015
2083|15|2|0|1|2.7954|8442.44973994201
2083|26|2|0|1|8.089|14769.780313750938
2083|52|2|0|1|3.3068|10862.71782362936
2083|59|1|0|1|7.944|8642.987701799026
2360|59|2|0|1|6.2374|21534.120047129287
2486|68|1|0|0|1.3553|8236.40540777556
2584|52|1|0|1|0.9767|3602.0147208948956
2716|26|2|0|1|3.757|20368.158810833105
2821|59|2|0|1|3.1242|15514.918831285242
2874|87|1|0|0|0.12|598.1196707132062
2891|59|1|0|1|0.4741|4036.7491409154095
2913|52|2|0|1|1.331|9271.062257599093
2916|17|1|0|1|3.728|3446.5014782893822
2916|32|2|0|1|2.26|8385.633662073556
2916|59|2|0|1|1.26|5006.703332429995
3014|17|1|0|1|0.4181|460.6790694659661
3032|59|1|0|1|0.2199|334.33711959547685
3091|81|1|0|1|3.91|16022.27064005422
3316|68|1|0|0|0.6748|1282.5921767689958
3494|59|1|0|1|0.2232|714.7131960933464
3555|59|1|0|1|2.45|14967.289537770066
3643|40|2|0|1|1.2752|9427.548681491797
3710|59|1|0|1|0.5372|1465.6860230978941
3931|17|1|0|1|1.2231|2721.139653725618
4024|15|2|0|1|0.6622|3001.3176206240564
4024|32|2|0|1|21.11|61794.30225857747
4024|40|2|0|1|18.1746|25364.756458154618
4024|52|2|0|1|8.0726|24481.278731569222
4024|59|2|0|1|1.122|6321.686066889758
4024|81|2|0|1|13.86|26810.40648740143
4024|87|2|0|0|11.9238|49123.70639666222
4052|17|2|0|1|4.68|15872.565250009546
4377|9|2|0|0|1.781|5164.717793580541
4926|32|2|0|1|1.18|5520.598621401019
4990|15|2|0|1|1.5077|11293.763116315748
5062|9|2|0|0|0.0267|364.1224823609276
5062|59|2|0|1|0.0531|405.651524497236
5142|17|2|0|1|0.3247|1464.2333327019132
5142|52|2|0|1|0.7263|3023.057161896015
5142|59|2|0|1|0.5946|1715.0966138472963
5377|40|2|0|1|1.6499|3761.085503449107
5380|40|2|0|1|1.28|4555.795021503115
5462|81|1|0|1|0.4257|1838.801739472906
5498|15|2|0|1|1.1028|6336.7373294917725
5498|23|2|0|1|0.91|3523.2356524893307
5548|59|2|0|1|0.2809|1709.8719694607391
5638|59|1|0|1|0.49|662.4758968110079
5696|59|1|0|1|7.62|8739.273888472097
5760|40|2|0|1|1.1759|8877.992151098853
5844|26|2|0|1|1.81|11065.663463671019
5897|15|2|0|1|2.1251|13218.103668230317
6132|52|2|0|1|0.11|391.76964458363886
6307|17|1|0|1|1.176|4711.423118824779
6454|94|2|0|0|4.7932|22393.37034318957
6732|59|1|0|1|0.1649|442.07153345514484
6950|59|2|0|1|0.0304|403.9853789779939
7104|9|2|0|0|0.5047|3276.3192638249266
8269|32|2|0|1|1.54|13768.11826818973
8623|26|2|0|1|0.57|2981.0771836175218
8690|43|2|0|0|0.5042|2914.4236086905325
8954|32|2|0|1|0.76|3796.475503901424
8982|17|2|0|1|0.6629|3421.834038847307
8986|59|2|0|1|0.3962|1633.0314905234297
9006|59|2|0|1|1.43|4392.856394966413
9086|26|2|0|1|0.78|7839.298116373198
9086|52|2|0|1|0.78|5071.473812427709
9158|9|2|0|0|2.06|7236.0323982691025
9209|59|2|0|1|0.6762|3037.9778839655405
9270|15|2|0|1|3.3018|18145.056279281518
9270|94|2|0|0|1.1171|7152.2753287827345
9474|68|1|0|0|0.146|596.6374201464803
9594|59|1|0|1|0.1325|575.0154437129414
9609|17|1|0|1|0.8|3094.6285540734775
9613|55|2|0|1|2.36|12840.628141992513
9925|26|2|0|1|4.8852|20863.942747390356
9944|17|2|0|1|1.911|10227.33395646101
9944|32|2|0|1|0.9|4136.946961863885
10091|87|1|0|0|0.5145|3816.748045271766
10117|59|2|0|1|0.406|2645.2509117614186
10133|17|2|0|1|0.9137|3316.9423007012533
10376|9|2|0|0|9.8|23765.62014959356
10376|59|2|0|1|10.31|32709.12774759346
10547|15|2|0|1|1.4118|5030.863345429893
10999|32|2|0|1|0.73|1668.4380024829577
11208|40|2|0|1|3.46|22946.788033100525
11220|15|2|0|1|1.81|12513.46499354165
11220|87|2|0|0|2.02|16641.987829979917
11395|17|1|0|1|5.2841|17903.589561511915
11395|59|1|0|1|4.567|11172.14931739136
11395|59|2|0|1|4.567|27483.120891666407
11536|32|2|0|1|1.26|6787.242207247916
11559|17|1|0|1|0.43|2190.2852006183552
11587|9|2|0|0|7.9236|13309.818074805182
11587|59|2|0|1|3.0067|6272.820647669308
12086|87|1|0|0|3.1242|18649.97578185796
12136|59|2|0|1|0.0238|855.0313511081081
12574|32|2|0|1|1.6552|10660.73908002297
12592|59|1|0|1|0.0833|219.76830109553487
12622|17|2|0|1|1.31|4141.15929945183
12869|87|2|0|0|3.9|16184.815993109592
12869|94|2|0|0|3.0351|9324.047098522386
12930|40|1|0|1|0.8749|2581.8923237118706
12970|17|1|0|1|0.5989|3538.6740754839593
13040|9|2|0|0|2.96|18015.588184195443
13054|15|2|0|1|1.951|7665.610406683606
13054|59|2|0|1|0.7555666666666667|4487.2731954552155
13054|81|2|0|1|1.3815|4830.403617816721
13154|15|2|0|1|2.67|13493.716931179511
13199|68|1|0|0|0.212|1948.5775750362207
13303|32|2|0|1|0.8186|5439.677747789267
13313|17|2|0|1|1.85|7476.71173817431
13313|32|2|0|1|4.5686|18846.806286113606
13333|94|2|0|0|1.4597|8818.891090729603
13439|32|2|0|1|1.3984|3992.009205011022
13450|17|1|0|1|1.17|4147.65385282926
13488|15|1|0|1|0.163|447.98747581881446
13581|17|1|0|1|1.76|7474.731530182486
13708|52|2|0|1|1.13|6532.408643664471
13733|59|1|0|1|1.9584|4275.076413363651
13751|52|2|0|1|4.83|25827.795721811945
13822|59|2|0|1|0.42|2391.0039662265344
13847|87|1|0|0|0.9759|3118.9778306425524
13871|17|1|0|1|1.4984|3459.7361228482464
13871|32|2|0|1|1.0534|8542.036351187746
13871|59|1|0|1|1.41|3452.826346861554
13871|68|1|0|0|0.7219|8405.444361335583
13981|68|1|0|0|4.51|13109.456701362942
14470|17|2|0|1|2.7919|15643.138091700777
14470|32|2|0|1|6.1315|55351.1125901757
14470|59|2|0|1|0.7824|5256.421456131698
14671|17|2|0|1|0.0342|745.3065031138897
14735|26|2|0|1|1.3853|4822.693242658796
14843|43|2|0|0|2.73|13232.43153381385
14843|62|2|0|0|9.6708|43779.38911596504
14843|87|2|0|0|10.7223|76286.3706055058
15071|81|2|0|1|1.61|8158.006457674489
15217|23|2|0|1|2.3316|8527.044674147251
15217|32|2|0|1|2.13|7587.127916218924
15217|87|2|0|0|3.4566|13247.923836416134
15228|81|2|0|1|0.7268|4375.554883320282
15328|59|2|0|1|0.3999|1622.9253471676611
15443|87|1|0|0|0.37|1855.8481875727925
15770|32|2|0|1|0.3742|2017.6368776711224
16282|59|2|0|1|0.7494|3314.618933705306
16355|17|2|0|1|0.03|748.6205727281144
16488|32|2|0|1|2.7417|16370.234852757167
16613|94|2|0|0|2.71|8863.61650534753
16692|15|2|0|1|0.7038|2790.9828934538896
16692|32|2|0|1|3.7134|8289.996170105369
16692|59|2|0|1|0.7555666666666667|2547.516461852033
16864|32|2|0|1|13.5944|67011.48194883265
16921|40|2|0|1|3.126|16802.72229369217
16975|23|2|0|1|2.27|7919.835011833548
17034|59|1|0|1|0.83|3539.02811106449
17043|23|2|0|1|2.709|8985.66836415903
17068|68|1|0|0|0.3|1823.7727620199971
17183|43|2|0|0|0.6839|3028.9867977693066
17321|9|1|0|0|0.6409|2429.7952337734814
17343|59|2|0|1|0.1866|1483.9461874881747
17378|17|1|0|1|0.15|258.9577854238572
17407|59|1|0|1|1.8279|8755.19092751092
17413|81|1|0|1|0.5671|1391.6603921619935
17434|17|1|0|1|0.2711|417.1301606278755
17552|59|1|0|1|0.5619|2721.845939055552
17552|68|1|0|0|0.7814|2474.042085879465
17818|17|1|0|1|0.2068|272.6316719435916
17977|92|1|0|0|1.3546|15507.35999879265
18082|32|2|0|1|2.6331|15293.40194788787
18094|59|2|0|1|0.1364|548.2726923086925
18103|59|2|0|1|2.2225|5532.879274952162
18139|52|2|0|1|1.5088|7043.724026708625
18158|81|1|0|1|1.85|6115.566292456541
18158|81|2|0|1|1.85|7696.680541179613
18318|81|2|0|1|0.8953|6790.499426691786
18372|32|2|0|1|0.706|8851.009729148487
18408|59|2|0|1|0.502|2090.5699575119115
18410|32|2|0|1|1.03|4674.254363473782
18438|59|2|0|1|4.3138|17285.199890853943
18515|32|2|0|1|0.0799|595.3970495322009
18581|59|2|0|1|0.2045|1161.3543831724048
18632|52|1|0|1|8.0|3374.4666609374312
18632|52|2|0|1|8.0|29674.992696022666
18976|32|2|0|1|2.08|13939.751953647137
19067|32|2|0|1|0.19|1251.4427797226294
19067|59|1|0|1|0.525|1281.4185924593842
19067|68|1|0|0|1.631212|6756.218710834034
19179|15|2|0|1|1.956|14377.014654229732
19272|81|1|1|1|1.88|3310.8747120715284
19515|32|2|0|1|5.0139|20330.68510039082
19679|15|2|0|1|3.14|15316.88675119653
19679|32|2|0|1|4.6865|28158.360259175817
19679|52|2|0|1|2.6172|14941.443610311611
19679|81|2|0|1|2.1638|14928.107947276503
19740|17|2|0|1|1.32|5933.347412586239
19740|32|2|0|1|0.39|2030.1808420337404
20041|40|2|0|1|2.919|24900.548756115826
20041|59|2|0|1|9.8532|46593.726086701434
20041|65|2|0|1|3.657|33517.09137072888
20082|15|2|0|1|1.47|5346.229793761062
20253|59|2|0|1|0.4484|2026.3926179697844
20693|4|2|1|1|7.175|13954.91204968517
20693|15|2|1|1|5.75|24997.691853695964
20693|26|2|1|1|1.32|5912.599335548352
20693|52|2|1|1|3.23|7414.184570025684
20881|17|1|0|1|0.7|2791.564965695926
20934|59|1|0|1|2.79|3087.347190295667
20943|32|2|0|1|1.41|3744.59609575988
21119|17|1|0|1|0.259|451.00417978838925
21119|59|1|0|1|0.2074|243.95917267597423
21215|17|1|0|1|0.2345|967.6374961411733
21394|52|2|0|1|0.342|1869.683859677034
21481|52|2|0|1|0.2451|903.4911741664042
21798|59|1|0|1|2.0239|5601.580969626875
21807|59|1|0|1|1.0247|3797.1281400524053
22092|59|1|0|1|1.2258|4345.913953722994
22294|17|1|0|1|0.4757|2027.7110183934183
22630|59|1|0|1|0.8301|6059.080568092174
22639|40|2|0|1|0.2811|1924.1010446263062
22768|59|1|0|1|0.8675|2683.8462066727707
22879|17|1|0|1|1.65|9525.737091855897
22879|87|1|0|0|1.67|11662.964010076483
22976|32|2|0|1|1.8964|11112.68473204609
23093|40|2|0|1|2.8415|16860.137613004117
23093|52|1|0|1|1.1341|1419.676296790131
23093|52|2|0|1|1.1341|4573.891475055922
23421|17|1|0|1|0.83|1662.0300233466744
23530|32|2|0|1|0.0219|844.613328676262
23630|17|1|0|1|1.5357|5714.870653465783
23668|59|2|0|1|1.19|8872.283266845778
23812|59|2|0|1|0.3129|1905.2163192059927
23846|59|2|0|1|1.2593|6314.586421568795
23942|81|2|0|1|0.5728|4164.026527855552
23974|59|1|0|1|0.5851|2944.283273608889
23983|32|2|0|1|1.01|2174.9212819271165
24065|94|2|0|0|2.08|10525.503251594704
24195|87|1|0|0|0.675|3997.036541350674
24195|87|2|0|0|0.73|6083.289656090879
24382|59|2|0|1|0.783|3305.0816172923273
24392|40|2|0|1|0.6393|4495.948489896677
24404|32|2|0|1|9.3728|28266.089185550463
24404|81|2|0|1|8.51|23946.16679616883
24945|32|2|0|1|0.6863|3981.4793986836803
24951|17|1|0|1|0.9481|2381.306714969467
25015|32|2|0|1|1.5964|11924.97189947434
25026|9|2|0|0|2.409|6492.566941675751
25104|23|2|0|1|2.2612|14647.27730745638
25104|52|2|0|1|3.6197|22925.295335845003
25104|59|2|0|1|3.4845|33531.16623546243
25377|59|1|0|1|2.5375|3542.663152041361
25422|59|1|0|1|1.8072|7100.031244528773
25422|68|1|0|0|1.2775|3795.8378095718936
25627|26|2|0|1|0.6838|6699.350934692077
25671|9|2|0|0|3.2396|6482.145207220563
25671|15|2|0|1|2.8168|8962.816668794883
25816|81|1|0|1|1.37|5354.193241604149
25825|17|1|0|1|0.89|4089.302613843519
25885|52|2|0|1|0.06|305.4235871384441
25887|68|1|0|0|1.39|2404.810617414217
26094|17|1|0|1|0.28|1755.1780652292643
26390|17|1|0|1|0.5|1025.697522989787
26539|15|2|0|1|2.38|12992.92651498052
26725|68|1|0|0|0.15|1023.1941574733122
26725|87|1|0|0|0.66|1797.3224723094038
26730|17|1|0|1|0.64|735.4656697052118
26807|17|2|0|1|0.5169|2242.7346558827885
26831|40|2|0|1|0.1712|718.719039903556
26954|59|1|0|1|1.56|5050.360090417576
26979|17|1|0|1|2.14|2352.965497217304
26979|59|1|0|1|0.1756|4815.87301690041
27129|59|1|0|1|0.6496|4354.90214769276
27166|59|1|0|1|0.0817|233.6976522262403
27224|40|2|0|1|0.4102|3609.4242290748048
27515|32|2|0|1|0.0143|871.4444348729429
27546|32|2|0|1|0.6097|4375.203415826951
27629|32|2|0|1|2.7648|15530.357976213925
27761|59|1|0|1|0.975|4772.857884857271
27819|17|1|0|1|9.4593|35535.02285902761
27922|81|1|0|1|1.0517|3317.329219366135
28134|59|1|0|1|1.8871|4111.553264823254
28137|59|2|0|1|0.7|3784.053599894933
28137|87|2|0|0|2.65|23786.713106812498
28156|59|1|0|1|1.63|6844.8756231006955
28362|9|2|0|0|0.7653|3147.5584889863712
28410|17|2|0|1|5.1866|22251.76062892372
28477|32|2|0|1|0.62|4566.343268287685
28847|52|2|0|1|0.7292|4111.9154550147405
28861|17|1|0|1|1.081|4733.364980412011
29262|23|2|0|1|1.4774|8543.956271285424
29262|59|2|0|1|4.08|25258.034931506812
29666|59|2|0|1|1.17|8317.467785899311
29831|59|1|0|1|0.472|1113.3515838353057
30114|59|2|0|1|1.51|6646.598855638576
30139|32|2|0|1|1.86|12028.625232975006
30409|15|2|0|1|0.372|1669.8210034884207
30423|17|1|0|1|0.9478|3843.325311634794
30628|81|1|0|1|3.1766|5181.85888214968
30652|52|2|0|1|0.4784|2713.94356263985
30771|9|2|0|0|2.68|12170.524193745592
30936|59|1|0|1|0.4142|428.0971509060631
31012|68|1|0|0|3.22|7387.278526130118
31153|32|2|0|1|0.0995|2136.382876794288
31551|59|1|0|1|0.95|4703.795529019948
31565|68|1|0|0|2.99|7540.752848972967
31622|59|2|0|1|0.4247|2734.1079508491407
31836|87|1|0|0|1.331|6663.514262529789
31836|87|2|0|0|1.331|7360.875231930603
31838|68|1|0|0|1.38|4725.101731734407
31890|68|1|0|0|1.0427|4368.207647531527
31899|17|1|0|1|1.34|5338.046265356504
32006|94|2|0|0|0.2295|1580.483914901695
32060|17|1|0|1|6.8092|27240.69116479531
32060|81|1|0|1|4.8256|26289.88084031677
32437|59|2|0|1|0.7072|3115.9735797707563
32572|32|2|0|1|0.0318|819.2975323588016
32660|17|1|0|1|1.1505|2140.691667428295
32681|68|1|0|0|0.5732|3321.5270157315235
32730|59|2|0|1|1.2399|8440.121765956717
32795|26|2|0|1|2.6343|11745.136023958688
32795|32|2|0|1|5.12|39890.40676083562
32795|59|2|0|1|3.84|23492.60740106785
32896|94|2|0|0|1.5161|11637.886731088864
32986|17|1|0|1|0.2093|326.8960758410539
32997|32|2|0|1|3.4711|11554.920251925643
32997|40|2|0|1|2.63|8530.197803272607
33084|59|1|0|1|0.3748|705.87769604264
33248|81|2|0|1|4.2851|39783.39430097388
33428|59|2|0|1|2.94|14525.018145069582
33453|32|2|0|1|1.32|8336.555957025945
33486|17|2|0|1|8.51|49387.97154072055
33486|55|2|0|1|4.2494|14232.091047137297
34190|68|1|0|0|3.7789|11095.283904777047
34244|32|2|0|1|5.19|9460.25288220782
34315|59|1|0|1|0.4126|2969.5194046417364
34407|92|1|0|0|0.69|1073.191126310705
34500|32|2|0|1|2.9517|5367.231760784144
34512|59|1|0|1|4.8541|22650.674380878765
34775|81|2|0|1|3.0631|14938.434797343878
34853|59|2|0|1|0.4378|2069.400829469742
34922|9|2|0|0|1.3416|7206.06222504161
34977|4|2|1|1|1.23|3864.522690391659
35052|87|2|0|0|1.3029|11319.170580490922
35100|32|2|0|1|0.86|5457.119121601852
35271|40|2|0|1|5.8772|35205.228409715586
35284|59|1|0|1|0.8183|1918.8180073435494
35287|87|2|0|0|7.593|46851.64070623972
35465|32|2|0|1|3.8165|16857.834662198195
35689|68|1|0|0|0.5907|2319.9781256436872
35719|40|2|0|1|0.8782|8992.354617912608
35819|52|2|0|1|0.4725|2147.213537751847
35888|59|1|0|1|1.0572|1544.8933479827735
36088|59|2|0|1|1.9915|6542.990999800245
36094|94|2|0|0|1.5479|5409.696697574829
36122|59|1|0|1|0.9166|6711.570536284528
36123|15|2|0|1|6.72|42934.10096498845
36258|17|1|0|1|1.97|6100.25307211306
36331|59|1|0|1|0.78|3755.276081012322
36468|15|2|0|1|1.9141|15279.040205197882
36535|17|1|0|1|1.6|2677.106964244145
36535|59|1|0|1|1.6|1494.1906251586151
36708|40|2|0|1|0.5462|2499.1101503551076
36918|17|1|0|1|2.0733|6535.8480599853265
37005|81|1|0|1|3.74|20701.24319472982
37371|32|2|0|1|1.1643|5466.141351503389
37461|52|2|0|1|3.68|26255.940792401758
37661|59|1|0|1|0.9008|6675.318319571852
37826|17|2|0|1|10.1482|78859.96989539536
37826|32|2|0|1|4.4695|17839.234715980303
38025|59|1|0|1|3.94|16745.33879733994
38272|17|1|0|1|1.4393|6187.57077551197
38272|52|2|0|1|0.9413|3966.378144200488
38272|71|1|0|1|1.06|1669.1517534323402
38272|81|1|0|1|2.95|9758.18415609219
38272|87|1|0|0|1.63|3479.9681972123885
38443|17|1|0|1|1.1093|4868.564023319954
38454|32|2|0|1|1.0169|4746.273831054156
38481|81|1|0|1|1.1017|2576.07598376975
38512|17|2|0|1|4.99|21208.04103950243
38557|59|1|0|1|0.2297|679.8968447537256
38645|68|1|0|0|0.49|2028.5921811829865
38764|40|2|0|1|0.8051|3273.8657793266266
38795|40|2|0|1|2.18|10585.41094488755
39040|81|2|0|1|2.5438|21167.801001009564
39112|32|2|0|1|5.68|19522.54328403143
39261|87|1|0|0|1.08|5128.6471126785245
39261|87|2|0|0|1.08|2991.25492116509
39261|94|2|0|0|2.4291|10727.920650457469
39276|17|2|0|1|0.3938|1973.283610189266
39360|32|2|0|1|3.08|5211.597016147203
39495|17|1|0|1|3.76|8975.329261928124
39664|59|1|0|1|1.122|1848.9601412758145
39664|59|2|0|1|1.122|4060.6227503116493
39664|68|1|0|0|1.4329|4021.343401561513
39939|87|2|0|0|0.6882|8745.528083518597
39979|17|1|0|1|0.7419|3017.984365675073
40200|71|1|0|1|1.774|2663.9659301872607
40204|17|2|0|1|0.2543|1115.2260857289016
40352|32|2|0|1|0.35|2378.6603407432376
40447|26|2|0|1|1.4783|8883.059934575267
41027|32|2|0|1|1.877|9780.82277890187
41398|17|2|0|1|0.9908|4367.548539862491
41607|59|1|0|1|1.6562|3391.6259326955374
41607|81|1|0|1|0.46|1580.5775804064479
42164|17|2|0|1|0.6153|3069.9821948998674
42384|59|1|0|1|0.1236|658.9017143816917
42448|9|2|0|0|1.0209|2634.429672747466
42483|32|2|0|1|0.2992|1884.3776111195364
42520|32|2|0|1|0.0418|656.849887056832
42577|9|2|0|0|1.2|4190.837672376066
42777|59|1|0|1|0.78|3653.3769101326147
42787|40|2|0|1|0.9728|7880.9406598615315
42915|40|1|0|1|0.2732|875.7875475177481
43077|9|2|0|0|0.5|1549.0093635005144
43129|59|1|0|1|0.6094|1879.5849810464078
43256|87|2|0|0|1.61|7989.099986397275
43705|17|2|0|1|4.2676|10591.024581432524
44150|9|2|0|0|4.314|26999.189743486288
44150|32|2|0|1|1.04|6734.442329131878
44150|59|1|0|1|1.45|15336.136889009433
44150|81|2|0|1|0.8948|3892.42320116916
44150|87|1|0|0|0.1|652.1757719304978
44155|59|2|0|1|0.034|852.1282569028641
44512|32|2|0|1|3.78|29441.46157434927
44625|17|2|0|1|1.29|5189.010605459227
44713|59|1|0|1|2.12|4478.30383457223
44837|68|1|0|0|0.4|2283.756206874397
45489|26|2|0|1|1.87|9618.020794279695
45489|32|2|0|1|6.8|55272.72917281862
45680|59|2|0|1|1.7696|14569.311868870398
45742|9|2|0|0|0.9776|3058.2974982804003
45773|32|2|0|1|5.22|37951.61240195842
45849|40|2|0|1|0.5089|2205.229495384636
46130|59|2|0|1|0.1257|540.399180523783
46499|32|2|0|1|0.2835|1431.3479527962904
46712|59|2|0|1|0.2765|1729.774156075011
47033|59|1|0|1|1.0523|4704.0536235831905
47258|40|2|0|1|1.334|10374.375554434006
47298|59|1|0|1|0.17|248.575576970662
47465|59|2|0|1|1.0211|4236.848084153377
47532|26|2|0|1|0.55|2245.5980398568213
47561|17|2|0|1|0.5797|3413.400245935374
47829|17|1|0|1|1.31|1941.2609421057555
47829|17|2|0|1|1.31|6750.609076376303
47829|92|1|0|0|1.3464|12041.501019909985
47874|17|1|0|1|1.1386|2794.7895112439865
47874|59|1|0|1|0.8385|2069.1337411694376
47921|32|2|0|1|7.3735|44752.91923394708
48223|17|2|0|1|1.464|6645.4208375647695
48410|68|1|0|0|1.12|4850.501916842431
48410|68|2|0|0|1.12|3406.6733793591784
48410|81|1|0|1|1.2873|4137.12892246734
48410|81|2|0|1|1.2873|4827.244120405126
48410|87|2|0|0|0.2441|1704.701955251637
48438|17|1|0|1|0.4449|1710.7777341570797
48453|17|1|0|1|2.0878|7915.361692155448
48453|17|2|0|1|2.0878|4839.099798199051
48461|84|2|0|0|2.2005|14071.334896799124
48615|15|2|0|1|2.0116|13610.159199913798
48615|81|2|0|1|1.8099|16497.35427079978
48626|32|2|0|1|3.7503|21265.597487267794
48652|17|1|0|1|0.57|1912.6530482191436
48652|59|1|0|1|1.24|2232.0167866725455
48720|59|2|0|1|0.2209|1356.2941213741626
48807|17|1|0|1|0.47|2307.962486393874
48816|15|2|0|1|2.11|14686.232949872869
48827|17|1|0|1|5.24|6913.060915196411
48827|17|2|0|1|5.24|24967.67136283415
48827|40|2|0|1|8.41|39221.05777406079
48827|59|1|0|1|8.1338|9346.185395125154
48827|59|2|0|1|8.1338|14541.210884182092
48849|59|2|0|1|2.03|9491.331066037372
48877|32|2|0|1|13.18|92388.90994268157
48877|52|2|0|1|7.21|32713.070039538463
48877|59|2|0|1|7.17|44268.68499085574
48877|81|2|0|1|7.99|69465.2821247234
48890|48|2|0|0|4.9765|9789.600469983381
49034|59|1|0|1|1.1009|2163.3213681268835
49130|17|1|0|1|2.7138|6622.890048494868
49305|9|2|0|0|3.1844|10340.21701971987
49345|40|2|0|1|1.83|3506.8100446701415
49345|59|2|0|1|0.82|1579.8688441058414
49541|68|1|0|0|3.0|11568.4546919641
49541|87|2|0|0|2.78|22426.44152613973
49541|94|2|0|0|1.88|8836.243041905114
49636|9|2|0|0|2.8601|7381.64951354687
49636|17|2|0|1|12.2474|64330.33978905099
49636|26|2|0|1|3.0178|11596.498241938794
49636|52|2|0|1|6.9004|32066.16841131772
49636|59|2|0|1|20.8122|79255.13452155697
49636|81|2|0|1|0.44|3472.873210768326
49672|32|2|0|1|1.1995|5188.029126678586
49929|59|1|0|1|0.17|1277.2014921609953
50093|17|1|0|1|1.0286|4830.328684545789
50343|87|1|0|0|3.4319|13258.600943611831
50386|40|2|0|1|0.4262|2938.582944385069
50441|59|1|0|1|1.01|3980.1072474860166
50486|59|2|0|1|2.4|12522.426920765416
50528|4|2|1|1|21.598|47073.63158340975
50528|52|2|1|1|2.85|6100.180602285498
50647|40|2|0|1|0.5223|1882.8088215377563
50909|9|2|0|0|2.0004|10717.294473905742
51031|8|2|0|0|2.09|5492.503595578919
51311|59|1|0|1|0.3799|833.2565093532795
51387|23|2|0|1|0.4422|1865.6696738883504
51766|52|1|0|1|0.6861|2707.263882987217
51822|17|1|0|1|12.41|43938.485962466344
51852|17|2|0|1|2.55|9364.455240899437
52008|8|2|0|0|6.9|44098.48047439966
52069|40|2|0|1|2.405|16079.444245546669
52160|94|2|0|0|4.25|17509.276253430675
52182|17|1|0|1|1.1038|2259.8173889732175
52311|87|2|0|0|0.2315|1213.7558057067338
52363|59|1|0|1|0.7608|4024.3776365580547
52441|17|2|0|1|0.271|1200.3681874770857
52475|59|1|0|1|1.7105|3522.946045703908
52835|59|2|0|1|0.7394|3133.0084965886285
52973|43|2|0|0|1.362485|8499.808791372283
53020|15|2|0|1|0.2942|1648.202574128918
53135|40|2|0|1|0.2821|1108.087147225425
53137|4|2|1|1|6.88|15853.989753942647
53137|26|2|1|1|5.0644|12408.56157247802
53298|59|2|0|1|2.2158|9458.800888626429
53833|68|1|0|0|0.85|4666.27896313106
53891|32|2|0|1|1.4798|5275.413121872748
53975|17|2|0|1|2.34|15425.177060268727
53975|32|2|0|1|0.3076|1775.8903138466253
54183|87|1|0|0|1.26|3571.867115464499
54397|87|1|0|0|0.1|535.436820805996
54915|15|2|0|1|2.06|14304.971530577033
54960|68|1|0|0|1.57|5635.102666694967
55225|32|2|0|1|2.3661|4571.55583112708
55261|32|2|0|1|3.2715|6917.580761450731
55281|26|2|0|1|0.31|2064.3881531657917
55370|17|1|0|1|0.843|1532.895799665637
55497|59|1|0|1|6.7226|8053.8233790923605
55518|40|2|0|1|1.2247|4022.7902863349586
55611|81|1|0|1|0.89|6709.897683354232
55618|32|2|0|1|0.4105|2812.90706046707
55644|52|2|0|1|0.9483|6789.69560456806
55693|52|2|0|1|0.4136|2368.44646212798
55823|59|1|0|1|0.8921|3416.3866185062593
56446|17|1|0|1|0.5939|1971.9552686137797
56834|32|2|0|1|2.1421|12084.980884958151
56863|17|2|0|1|1.5098|6869.671003161069
56971|32|2|0|1|4.7086|29795.78386525235
57052|17|1|0|1|1.83|4888.105891634497
57052|59|1|0|1|5.8907|8970.938401513446
57052|87|1|0|0|3.1|8193.445599267547
57191|32|1|0|1|3.7255|8038.999958946408
57191|32|2|0|1|3.7255|30406.323743663826
57203|59|1|0|1|0.3092|847.2244558167115
57254|32|2|0|1|1.4107|10706.143849942613
57254|59|2|0|1|1.1054|4882.792384741356
57397|59|2|0|1|1.0026|4606.879078952675
57440|32|2|0|1|3.72|6240.2592210075845
57450|17|1|0|1|0.41|2107.5338812735204
58150|52|2|0|1|1.6289|7964.988958188632
58378|81|1|0|1|0.7262|4248.249294270763
58478|17|2|0|1|0.1844|1924.0056088971385
58567|17|2|0|1|2.6214|11353.583378935851
58595|81|2|0|1|2.285|15334.622012518434
58685|52|2|0|1|0.265|1617.9423520055811
58769|32|2|0|1|4.25|36635.55772703923
58769|59|2|0|1|4.07|38390.60519502186
58948|17|1|0|1|0.42|1056.859805724725
59027|15|2|0|1|0.4526|2254.4868578914056
59124|15|2|0|1|0.2991|1531.7410768710845
59146|59|2|0|1|1.7|9487.802814283608
59317|15|2|0|1|0.8451|2922.381612769919
59317|59|2|0|1|0.7555666666666667|2547.618226697272
59397|40|2|0|1|2.7|21788.406122384615
59397|59|2|0|1|2.7857|17134.260847941972
59516|59|1|0|1|0.5501|3485.111179352803
59516|65|1|0|1|1.1399|4688.986197760398
59544|59|2|0|1|2.52|13609.46835386422
59598|32|1|0|1|0.079|566.5055131419912
59612|81|2|0|1|1.1326|7350.592937887865
59757|9|2|0|0|0.417|2093.840464028087
59892|9|2|0|0|3.5355|10001.979180573891
59892|17|2|0|1|7.6771|45021.08202813909
59939|9|2|0|0|2.54|8156.293753399713
59939|17|1|0|1|10.86|32523.637725820234
59939|17|2|0|1|10.86|31341.840013417095
59939|52|2|0|1|3.5271|16002.078079635054
60279|87|1|0|0|1.12|5252.302428876417
60279|87|2|0|0|1.12|5163.818936839745
60635|17|1|0|1|2.4754|14429.685483398447
60667|40|2|0|1|0.6019|2647.4154216604816
60871|40|2|0|1|3.9349|12142.447554645123
60871|59|2|0|1|4.61|16791.768145765265
60871|81|1|0|1|6.09|12043.057845488966
60871|81|2|0|1|6.09|21122.111870798417
61062|9|2|0|0|2.32|7092.7086963452875
61062|84|2|0|0|0.9|8029.870082331101
61062|94|2|0|0|2.0|9024.785034176493
61076|23|2|0|1|0.8655|3345.357870123872
61161|59|1|0|1|1.58|6580.2064578819445
61177|17|2|0|1|7.039|32222.090283842128
61177|26|2|0|1|2.2924|14598.778951799331
61177|32|2|0|1|5.1465|33914.642290288706
61177|52|2|0|1|7.9425|31260.85271336691
61370|15|2|0|1|0.9986|3395.7187878835575
61431|40|2|0|1|1.2584|4505.675780899258
61478|32|2|0|1|2.49|4209.997836852573
61497|15|2|0|1|1.8309|7835.777282683538
61845|59|1|0|1|0.48|1794.227857840793
61928|81|1|0|1|2.45|8062.000359610115
62259|94|2|0|0|0.399|1790.87377211868
62440|15|2|0|1|0.2342|1514.5360334071947
62521|59|1|0|1|0.0398|191.24603949003736
62521|87|2|0|0|0.0243|307.4249326000108
62580|59|1|0|1|0.56|924.0286573155731
62606|26|2|0|1|0.49|2742.106112002383
62629|23|2|0|1|1.76|6800.737070761723
62629|81|1|0|1|5.0857|13741.892662817203
62869|59|1|0|1|0.405|1639.9552389863238
62977|26|2|0|1|1.8474|8135.594024162898
62977|52|2|0|1|4.8447|19106.49865219769
62977|87|2|0|0|0.3939|4862.450225066601
63133|59|1|0|1|1.7|2723.9424573611914
63133|68|1|0|0|1.48|5753.285304969719
63133|68|2|0|0|0.13|936.5911838671944
63133|81|1|0|1|0.2245|1531.4412823260416
63133|81|2|0|1|0.2245|1290.9529754121622
63133|87|2|0|0|0.1229|1047.2757588766026
63181|17|1|0|1|2.68|12647.681020075237
63181|68|1|0|0|1.1|5943.488043942082
63209|17|1|0|1|0.6366|1012.5007505401817
63209|17|2|0|1|0.6366|3900.5951091317156
63312|15|2|0|1|2.1223|16023.07786764248
63365|59|1|0|1|4.41|12853.467311215845
63510|59|1|0|1|0.1373|298.25969489746893
63812|40|1|0|1|1.0513|2804.295694757837
63812|40|2|0|1|2.32|9898.559199269392
63987|68|1|0|0|0.5128|3588.6824061636444
64042|59|1|0|1|4.03|20972.45746170095
64329|59|2|0|1|0.8939|7231.027230198107
64499|32|2|0|1|1.3996|9886.998627419012
64722|81|1|0|1|0.63|2934.809632147442
64738|52|1|0|1|0.44|3264.1370749561784
64738|52|2|0|1|0.44|3822.2496492730434
64845|59|1|0|1|0.81|2003.2677542504694
64845|59|2|0|1|0.81|3348.482452673534
64919|59|2|0|1|1.4|9082.610415135738
65256|87|2|0|0|0.8094|7082.413640618177
65375|32|2|0|1|2.1694|12657.983291749839
65838|59|1|0|1|1.3993|3242.300617938204
65838|59|2|0|1|1.3993|4278.630649912177
65920|81|1|0|1|0.17|1575.4501209677248
65935|9|2|0|0|0.57|1772.8334622390025
65991|15|2|0|1|1.935|15837.55457023953
66010|59|2|0|1|0.7254|3775.5506020482785
66052|81|2|0|1|1.74|9767.971326145822
66350|9|2|0|0|1.95|8184.338173362904
66350|32|2|0|1|3.131|17060.22964911493
66350|59|2|0|1|3.1037|19679.18978182268
66451|59|1|0|1|4.6496|10320.47983988449
66472|17|1|0|1|0.4659|1845.5598357151905
66708|40|2|0|1|0.6647|3986.8086675831155
66871|68|1|0|0|0.959|2901.9797447246115
66914|15|2|0|1|1.156|7128.007929922574
67061|40|2|0|1|0.2568|1232.383463300232
67186|32|2|0|1|3.2218|15467.091409054046
67292|43|2|0|0|0.57|2791.176636994815
67512|9|2|0|0|0.82|3599.623289782979
67670|17|2|0|1|0.6158|3051.927926245858
67739|9|2|0|0|4.9882|16157.096889959357
67743|59|1|0|1|0.904|3447.419473374513
67767|52|2|0|1|0.2785|2382.0346370646794
67872|15|2|0|1|4.43|16344.312576808796
67923|23|2|0|1|3.2408|19751.46617658853
67974|40|2|0|1|1.64|10802.662562654212
68049|87|2|0|0|0.46|2379.9944113336032
68089|26|2|0|1|2.4|14205.915426276742
68089|52|2|0|1|9.35|43161.3712955273
68089|59|2|0|1|9.54|57943.040409318186
68145|4|2|1|1|5.18|12001.202365907868
68145|15|2|1|1|0.8455|3458.535448465469
68145|26|2|1|1|1.7034|4556.752794189126
68145|52|2|1|1|1.95|4764.380392423686
68145|59|2|1|1|2.86|6581.932467861641
68718|52|2|0|1|2.11|7950.786301326798
68761|32|2|0|1|1.2254|6610.183316755185
68807|17|1|0|1|0.5972|1925.9145930520183
68850|59|1|0|1|2.08|10385.834454809463
68936|40|2|0|1|3.2633|12952.704055053882
68971|43|2|0|0|3.8101|8053.25591482402
68971|68|1|0|0|2.0857|3583.6650068955482
69003|59|1|0|1|3.561|18276.22456186648
69033|40|2|0|1|0.4186|2907.728551859978
69138|17|1|0|1|2.5|11807.276930001159
69205|32|2|0|1|4.0997|16698.17383262834
69387|87|1|0|0|0.5469|3847.353435345551
69470|40|2|0|1|0.7886|6417.802255297188
69552|59|1|0|1|2.51|4378.622021722108
69552|59|2|0|1|2.51|5194.473607361954
69552|65|2|0|1|1.02|6633.236824644471
69576|23|2|0|1|0.9315|3944.117461657268
69730|52|1|0|1|4.2266|2984.6404138553216
69730|52|2|0|1|4.2266|11384.286879334863
69901|81|2|0|1|0.5058|2618.915138423031
69939|40|2|0|1|0.3211|2594.6398751469937
70039|59|2|0|1|7.737|40313.444131276214
70101|59|2|0|1|0.4804|2131.298037198501
70111|9|2|0|0|1.67|4741.19077893797
70112|17|1|0|1|0.62|1102.5592742560277
70172|40|2|0|1|1.9222|11352.083246508633
70224|17|2|0|1|0.0869|769.3249147332536
70378|9|2|0|0|2.45|3133.987290606009
70407|17|1|0|1|0.9209|4306.4708233642095
70407|87|1|0|0|1.01|3698.822827519007
70449|59|1|0|1|2.9|7186.704955771349
70520|9|2|0|0|0.0346|249.56328129549308
70598|59|1|0|1|0.8341|3139.360831569803
70598|92|1|0|0|2.2117|7631.283142686347
70604|81|2|0|1|1.2361|8377.045866727467
70620|59|1|0|1|0.85|1129.5422663454203
70658|40|2|0|1|0.2509|1558.7817454900535
70721|15|2|0|1|2.5909|15713.228820713462
70754|59|2|0|1|2.8132|14730.00445821588
71061|32|2|0|1|2.2081|4326.738657179488
71260|26|2|0|1|1.1584|3978.49817750962
71300|26|2|0|1|2.12|13027.317956322053
71300|68|1|0|0|1.9039|7107.42699953467
71300|84|1|0|0|1.9039|7632.377829720912
71520|9|2|0|0|0.2912|1704.6634719895753
71533|59|2|0|1|1.2264|6996.501455217232
71764|17|2|0|1|0.91|16633.538089400863
71764|23|2|0|1|0.0622|380.9868878744197
71764|32|2|0|1|2.81|12740.316547346743
71764|87|2|0|0|1.68|14999.272095398701
71764|94|2|0|0|6.096|15721.438337119545
71788|59|2|0|1|0.2962|1834.0418927737035
71833|94|2|0|0|1.0259|3338.049727367852
71993|81|2|0|1|1.2817|15275.452913223966
72027|4|2|1|1|2.76|6341.779513205009
72124|32|2|0|1|0.9395|7017.758227052508
72130|81|2|0|1|4.3341|19680.619184893774
72175|59|1|0|1|0.43|1969.8415159176939
72252|17|1|0|1|0.42|438.7348298229535
72315|59|1|0|1|0.0965|171.2278398934513
72387|59|2|0|1|0.3881|2192.6796294612413
72495|17|2|0|1|3.29|18328.007425727148
72495|40|2|0|1|2.86|19729.272752169192
72583|59|1|0|1|0.8782|4177.886871314138
72803|26|2|0|1|3.38|36285.14514773643
72803|40|2|0|1|1.3463|11401.124827916055
72803|59|2|0|1|2.5891|20690.967062178763
72803|94|2|0|0|0.7963|4403.1312363274865
73332|32|2|0|1|0.6041|2504.5083199129476
73443|17|1|0|1|0.6416|2488.092680881246
73443|17|2|0|1|0.6416|3964.9391689056733
73540|59|2|0|1|0.3201|1819.3949685892205
73580|59|1|0|1|0.6303|1229.5248157629978
73893|40|2|0|1|1.1582|4096.453756496645
74003|59|2|0|1|2.9465|11565.529919524635
74004|52|2|0|1|0.3834|4471.953463853401
74410|32|2|0|1|3.7392|16650.160101120327
74427|17|2|0|1|1.57|8094.886361060408
74473|59|2|0|1|1.7953|7834.203407636154
74722|59|1|0|1|0.6768|3072.3626760605434
74812|17|1|0|1|0.28704|524.5393970605229
74974|15|1|0|1|0.2961|693.8921625437642
75037|15|2|0|1|0.5665|2337.4199786962167
75065|59|1|0|1|1.66|1880.2147722988243
75075|17|2|0|1|0.74|3585.3442816149764
75171|17|2|0|1|1.73|8530.80455809124
75379|40|2|0|1|0.42977|1103.2418302049914
75402|59|1|0|1|0.39|1558.6467077914267
75428|59|2|0|1|0.3355|1559.0576553417911
75464|81|1|0|1|1.2212|3172.7978088695336
75702|17|1|0|1|3.5176|8071.170325264591
75832|87|2|0|0|0.121|706.4752277678382
76117|87|1|0|0|1.08|4226.651553364327
76134|26|2|0|1|1.2068|6961.960698991847
76361|59|2|0|1|0.4463|2709.264904437068
76459|15|2|0|1|2.3918|14599.887168460105
76459|17|1|0|1|0.9737|5831.4606675384875
76459|26|2|0|1|7.5446|70155.20187800059
76459|52|2|0|1|8.5245|63887.53380261192
76476|17|1|0|1|0.7054|2773.8131368538466
76588|32|2|0|1|6.8286|22066.282672092842
76588|59|2|0|1|1.3303|10841.281840346706
76698|17|1|0|1|0.5188|1662.8590102544877
76949|32|2|0|1|0.4293|2405.3561782355832
76977|81|2|0|1|0.9352|6432.695609151553
77069|59|1|0|1|2.3254|3310.361763880475
77330|81|2|0|1|1.76|11755.26087216411
77440|59|1|0|1|0.47|2543.3329866283175
77527|52|2|0|1|1.12|6953.0031231703415
77614|59|2|0|1|0.4619|1478.681448741059
77616|17|1|0|1|0.6166|1297.604394029816
77661|32|2|0|1|1.289|4406.793352622662
77844|59|2|0|1|1.0818|4000.9009481892485
77867|81|2|0|1|1.03|4396.539289194137
77867|87|2|0|0|3.22|15862.711816134486
77964|87|1|0|0|0.3064|1460.8690695835535
77984|15|2|0|1|0.6446|2612.2735766837804
77984|59|2|0|1|0.7555666666666667|2490.6105833622782
77984|81|2|0|1|1.5893|4064.184697535203
78210|59|2|0|1|5.6249|16414.37534169573
78229|68|1|0|0|1.162|6260.678968771148
78273|94|2|0|0|1.7842|10719.673400604484
78281|94|2|0|0|3.82|28975.385236452457
78460|81|2|0|1|4.536|36220.780740544484
78565|8|2|0|0|1.057|3108.16274161159
78846|15|2|0|1|0.6955|2804.9304877523027
78846|59|2|0|1|0.7555666666666667|2819.024502664215
78863|17|2|0|1|2.0094|6938.184566394682
79247|32|2|0|1|3.4083|27630.807651602718
79247|59|2|0|1|1.4779|11573.047631961348
79253|17|1|0|1|0.0282|125.9612706079924
79550|15|2|0|1|2.5369|13115.292912269493
79653|59|1|0|1|3.1556|11982.109702847329
79722|52|2|0|1|0.3581|1739.3232075848994
79796|94|2|0|0|2.9977|17184.28221591057
79903|23|2|0|1|1.016|3839.554448001748
80170|32|2|0|1|2.1631|6443.083834610457
80170|59|2|0|1|1.8688|7292.491921006482
80461|59|1|0|1|0.4008|1068.275851162816
80479|52|2|0|1|5.64|17756.48506973294
80506|40|2|0|1|1.7935|7491.7829895266095
80600|52|1|0|1|0.8949|2106.7794617569734
80627|8|2|0|0|3.0|22009.650370984473
80627|9|2|0|0|11.16|49389.10236746978
80627|43|2|0|0|4.24|18157.533685007704
80627|62|2|0|0|1.8|7417.413893201613
80886|17|2|0|1|0.19|1242.30739583346
80942|17|2|0|1|3.9164|17996.39296768484
81034|17|1|0|1|3.07|7728.923766893387
81034|68|1|0|0|4.8904|9374.475722621306
81034|92|1|0|0|3.51|5422.623216150765
81093|17|1|0|1|0.7|2516.6479861722564
81554|32|2|0|1|0.4686|3180.494708081296
81717|17|1|0|1|0.2624|1111.620363478623
82023|43|2|0|0|6.5144|19735.161741116266
82727|17|1|0|1|0.9814|3220.7614755728464
82928|15|2|0|1|3.785|19448.07331504825
82939|68|1|0|0|0.76|3085.7897779568457
83256|59|2|0|1|2.2643|8440.685196799495
83458|10|2|0|1|1.8125|11295.840519304109
83458|26|2|0|1|1.0167|8890.213990668351
83472|17|1|0|1|7.42|34827.02778450416
83472|59|1|0|1|16.46|52816.761327279
83472|81|1|0|1|8.0|12953.967556989257
84051|15|2|0|1|4.1|19755.760939651864
84051|23|2|0|1|3.8|35841.306957377674
84051|59|2|0|1|3.0|13434.111528196026
84174|15|2|0|1|2.74|9302.490625704042
84174|32|2|0|1|2.628|9645.796081262817
84174|40|2|0|1|3.06|10805.466257365093
84183|59|2|0|1|0.6629|3155.0581787818055
84287|59|1|0|1|0.3975|1097.6188066493444
84380|17|1|0|1|0.1183|272.6283575361914
84413|94|2|0|0|1.3638|8754.138637517603
84482|81|1|0|1|4.9577|20360.026898257118
84518|32|2|0|1|0.36|2694.4813910755724
84613|59|1|0|1|5.5066|18993.420798312247
84613|81|1|0|1|1.1581|6137.513052188853
84689|92|1|0|0|1.1398|2295.750749040167
84804|17|2|0|1|1.66|6806.979856604828
84804|32|2|0|1|17.1833|94442.06097646448
84904|32|2|0|1|1.021|5276.772810789072
84948|68|1|0|0|2.3375|5552.405267160636
85001|15|2|0|1|0.7811|3846.4724495012265
85201|17|1|0|1|0.1584|340.42772202914347
85203|59|2|0|1|0.8159|2345.2917685749444
85407|59|1|0|1|0.5971|1914.473773086843
85414|59|2|0|1|2.55|12892.017021653133
85515|15|2|0|1|1.8689|12295.127836424064
85546|23|2|0|1|7.1294|17571.5445675471
85548|26|2|0|1|3.6318|22270.62837071577
85548|32|2|0|1|1.61|10643.301558929632
85548|40|2|0|1|1.03|4668.693976488872
85756|59|1|0|1|3.3923|4827.555872263614
85840|81|1|0|1|1.4|6786.570355902464
85840|87|2|0|0|1.85|19337.145305569768
85855|59|2|0|1|0.9497|3964.1356705837675
85924|52|2|0|1|0.42|2335.290810456265
85950|9|2|0|0|2.17|8253.65040887986
85950|94|2|0|0|0.66|1773.2956869484965
85952|87|2|0|0|0.5336|2597.091033136434
85984|32|2|0|1|4.37|24990.26804145812
85984|59|2|0|1|4.6|27242.65927019291
86182|84|2|0|0|0.1759|1238.1122485927096
86229|59|2|0|1|0.1187|714.4423513523321
86237|17|1|0|1|0.1655|346.0065120143861
86267|52|2|0|1|0.44|1420.884550667677
86271|40|2|0|1|0.6|1927.6614974617037
86271|59|1|0|1|1.001|4487.945148701336
86271|59|2|0|1|1.001|2548.3709845256185
86271|87|2|0|0|1.4113|12845.108338793594
86542|59|1|0|1|0.61|2998.4907617946255
86582|17|1|0|1|3.806636434108527|38178.8927338655
86582|59|1|0|1|6.418055555555557|5951.78721176445
86743|26|2|0|1|1.77|9106.54714211061
86749|52|2|0|1|1.55|6661.558185908004
86767|94|2|0|0|0.6348|5208.456423581914
86901|52|2|0|1|1.27|5553.317462230929
86916|40|2|0|1|4.6468|37696.49213733567
87125|17|2|0|1|0.43|1753.7700881939184
87125|32|2|0|1|0.244|1223.3764870771538
87201|59|1|0|1|0.416|3757.3683393765796
87207|59|2|0|1|0.33|1442.3842972948619
87293|32|2|0|1|2.7309|23015.657429406267
87293|59|2|0|1|1.2014|12081.900246925326
87434|15|2|0|1|2.43|12290.286526703672
87539|59|2|0|1|0.322|1747.6428120171822
87552|9|2|0|0|0.77|2373.6086316593364
87664|59|1|0|1|2.09|2322.1420477911606
87873|32|2|0|1|1.3747|8594.928962277823
87873|59|1|0|1|5.9563|13963.115908316553
87873|59|2|0|1|5.9563|16449.887377593797
87878|15|2|0|1|6.9837|32028.541496512116
88023|9|2|0|0|0.2624|1584.2557367641505
88040|17|1|0|1|3.2779|10748.162525130634
88040|92|1|0|0|0.5|2717.7734553014707
88205|87|1|0|0|0.5341|2773.6551199458904
88517|87|1|0|0|0.941|6509.946478028257
88525|23|2|0|1|2.06|7422.271393956182
88691|17|2|0|1|2.453|11648.970258787956
88841|52|1|0|1|0.8096|3358.274752814782
88928|40|2|0|1|4.5727|45172.35236436271
88928|52|2|0|1|1.6099|12703.187257133553
89417|23|2|0|1|2.9756|17453.07936778972
89417|32|2|0|1|1.3|9339.349192346923
89417|59|2|0|1|3.96|32968.6079124246
89430|15|2|0|1|0.78|3069.647960823213
89440|26|2|0|1|4.5|24407.043668071754
89440|40|2|0|1|2.16|14250.39637219744
89602|32|2|0|1|4.3488|13300.055821392978
89768|52|2|0|1|2.5313|5533.09191400917
89835|17|1|0|1|0.193|256.6495648427701
89842|17|1|0|1|0.2143|1100.879124317146
90076|15|2|0|1|0.189|1664.940414147595
90202|9|2|0|0|1.9441|5560.269455432365
90227|17|1|0|1|1.66|2060.8106254687873
90537|59|2|0|1|0.469|2928.477724766458
90597|59|1|0|1|1.93|7103.918311028865
90901|59|2|0|1|7.236|29038.887342404254
90980|9|2|0|0|0.6787|2279.4245400769364
91094|59|1|0|1|0.93|6519.5205431295735
91148|23|2|0|1|2.4211|14264.606300795178
91148|32|2|0|1|1.58|9949.153743532426
91178|59|1|0|1|0.279|1656.7971590136933
91179|9|2|0|0|2.0044|6959.632216224899
91179|17|2|0|1|1.1188|6987.692493633496
91249|40|2|0|1|1.42|9644.079626118593
91435|59|1|0|1|0.0908|223.93804580589122
91517|59|2|0|1|0.1383|614.3988345374631
91543|40|2|0|1|0.2663|1309.9949530241636
91752|32|2|0|1|1.0168|5155.6787890115975
91794|23|2|0|1|0.7848|3282.3537873516566
91845|38|2|0|0|0.69|6792.267317841622
91975|15|2|0|1|0.2627|1387.1911011943628
92013|87|2|0|0|5.1275|12588.314913555425
92023|8|2|0|0|2.3639|9487.600821415172
92027|59|1|0|1|0.43|3053.379824430683
92099|40|2|0|1|0.8439|2757.813084445714
92218|68|1|0|0|1.6952|4745.42649632208
92218|94|2|0|0|2.11|6493.900277979831
92490|32|2|0|1|0.9995|5771.222154949004
92531|59|1|0|1|0.82|2259.2183493880966
92531|59|2|0|1|0.82|3457.03021574629
92556|15|2|0|1|1.689|11400.601655839695
92556|32|2|0|1|1.2623|8463.966001128989
92583|17|1|0|1|1.56|2663.3483143287117
92583|43|2|0|0|2.287|13716.448874364047
92583|68|1|0|0|1.8|4679.646154605346
92583|84|2|0|0|1.28|4673.175714245907
92583|87|1|0|0|2.0|4663.987013559503
92853|17|1|0|1|0.5109|758.0906478161766
92933|17|1|0|1|0.2033|946.8181838530382
93168|59|1|0|1|1.23|4896.300974975353
93182|40|2|0|1|0.7699|3459.498352382192
93228|17|1|0|1|0.4673|2440.3322881661225
93417|59|2|0|1|1.4687|10362.423371093691
93435|17|1|0|1|2.13|7831.960874571199
93435|26|2|0|1|0.88|4031.9378498419496
93498|59|1|0|1|5.0336|36215.26308178844
93510|92|1|0|0|0.08|191.5038230462709
93538|17|1|0|1|3.95|7400.968620688838
93538|59|1|0|1|3.2279|5581.1457935650915
93922|59|2|0|1|3.1367|23167.96650043156
93922|87|2|0|0|4.914|54365.99053431687
93970|59|2|0|1|1.1155|4085.604926248987
94033|52|2|0|1|2.0521|10410.576315041355
94181|81|2|0|1|2.7883|15444.091589071448
94181|84|2|0|0|0.5585|3786.056120775761
94553|32|2|0|1|3.4|22743.75804670053
94553|59|2|0|1|3.256|21964.074214303586
94554|94|2|0|0|2.340479|15796.883677544598
94589|59|2|0|1|0.2133|1072.1574493950761
94886|32|2|0|1|3.5729|28958.34310909824
94968|32|2|0|1|2.14|11931.22170736115
95008|17|1|0|1|0.5394|3608.1104979719175
95011|15|2|0|1|0.1441|973.7891100261713
95018|59|2|0|1|0.4685|1480.4231350143887
95287|40|2|0|1|1.7539|12812.535710433189
95311|15|2|0|1|0.79|2967.725270178012
95319|32|2|0|1|0.9969|7682.846034272659
95372|52|1|0|1|1.1195|4575.9785493952595
95396|68|1|0|0|1.45|4786.274764359146
95476|17|2|0|1|4.07|22909.38409949802
95476|59|2|0|1|2.0438|10309.166337610553
95476|68|1|0|0|2.71|5865.363050291368
95476|81|2|0|1|1.9108|16478.02989171068
95601|87|1|0|0|1.19|3646.8968309031175
95661|59|1|0|1|0.61|2287.0128059910426
95678|17|1|0|1|9.52|63363.76622628919
95678|52|2|0|1|4.02|49521.50202350542
95678|59|1|0|1|20.82|54016.854096149575
95678|94|2|0|0|9.7353|52172.02116047024
95961|17|1|0|1|0.4055|1879.333967022054
95974|81|2|0|1|0.3746|2280.692782840537
96004|17|1|0|1|0.8502|1139.9149751598447
96038|17|1|0|1|0.31|1800.6344364221861
96379|87|1|0|0|0.6912|3880.7419510916534
96414|17|1|0|1|0.3349|1682.8244534682171
96832|59|2|0|1|0.4201|2146.9104716294137
96847|17|1|0|1|2.06|1709.2464390314128
96975|23|2|0|1|2.022|10345.816517629815
97172|59|2|0|1|2.6984|7863.823821066484
97437|38|2|0|0|3.53|18941.129097199508
97437|59|1|0|1|0.7793|4618.397656048397
97574|59|2|0|1|2.72|8787.96555181595
97661|68|1|0|0|3.52|6518.563048798265
97695|52|1|0|1|0.4164|2217.7185041303683
97861|59|1|0|1|1.75|2962.415201395741
97942|68|1|0|0|2.58|3569.6583099807326
97942|81|1|0|1|0.1925|858.1730871360786
97945|59|1|0|1|0.406|2067.769574754205
98118|17|2|0|1|0.83|3085.0965792131174
98118|52|2|0|1|2.18|8726.3085475488
98118|59|2|0|1|0.88|2689.7578850291957
98140|26|2|0|1|3.56095|23743.332781307123
98140|59|2|0|1|4.59|22192.839451343883
98248|87|1|0|0|0.5191|3284.5765868644926
98265|32|2|0|1|1.41|9638.788532412278
98346|40|2|0|1|0.649|3806.194696576043
98490|59|1|0|1|0.41|3276.596846235649
98571|17|1|0|1|0.2463|424.07356065677106
98646|9|2|0|0|3.23|11805.58868909704
98747|9|2|0|0|3.32|12967.760697868156
98747|59|2|0|1|2.1089|9739.393907553276
98814|32|2|0|1|3.3267|17142.660523609637
98814|40|2|0|1|2.7724|8948.628545253168
98825|94|2|0|0|2.4491|15012.120762094559
98871|52|2|0|1|0.2429|896.0847078032294
98995|17|1|0|1|0.344|1064.5655424371416
98995|68|1|0|0|0.5746|2285.2975904114965
99108|52|2|0|1|1.611|5411.797798821511
99146|17|2|0|1|0.8314|4176.519709072864
99282|59|2|0|1|1.6244|7459.187782140599
99377|52|2|0|1|0.65|2867.1300539882886
99693|81|1|0|1|6.3397|26218.53240899137
99793|52|2|0|1|0.1326|952.5221050009993
99793|87|2|0|0|0.0189|915.5440542153066
